444.83	29.96
444.93	31.21
445.03	32.45
445.13	33.68
445.23	35.09
445.33	36.04
445.43	36.99
445.54	38.04
445.64	38.93
445.74	40.09
445.84	41.23
445.94	42.02
446.04	42.37
446.14	42.90
446.24	43.36
446.34	43.44
446.45	43.52
446.55	43.39
446.65	43.47
446.75	43.20
446.85	42.39
446.95	41.17
447.05	39.36
447.15	36.59
447.25	33.91
447.35	31.47
447.46	28.34
447.56	25.18
447.66	21.52
447.76	18.54
447.86	16.01
447.96	13.36
448.06	10.40
448.16	5.93
448.26	2.13
448.36	-1.53
448.47	-4.85
448.57	-6.71
448.67	-8.22
448.77	-9.31
448.87	-10.10
448.97	-9.94
449.07	-8.44
449.17	-5.77
449.27	-1.38
449.38	5.19
449.48	13.28
449.58	21.11
449.68	28.66
449.78	35.87
449.88	43.98
449.98	51.53
450.08	59.25
450.18	68.44
450.28	76.77
450.39	85.58
450.49	92.70
450.59	98.47
450.69	104.39
450.79	110.77
450.89	116.74
450.99	121.40
451.09	125.53
451.19	130.55
451.30	138.87
451.40	144.78
451.50	151.39
451.60	157.27
451.70	162.66
451.80	173.73
451.90	179.29
452.00	186.08
452.10	193.27
452.20	201.11
452.30	207.85
452.41	213.81
452.51	220.92
452.61	227.67
452.71	234.69
452.81	242.11
452.91	250.85
453.01	258.41
453.11	265.89
453.22	272.99
453.32	279.14
453.42	284.69
453.52	290.85
453.62	295.26
453.72	298.65
453.82	302.31
453.92	306.35
454.02	310.23
454.13	314.22
454.23	317.86
454.33	320.72
454.43	323.78
454.53	326.19
454.63	329.03
454.73	332.23
454.83	334.77
454.93	337.93
455.04	340.38
455.14	343.41
455.24	347.59
455.34	350.56
455.44	353.04
455.54	355.08
455.64	356.98
455.74	358.63
455.84	360.45
455.95	362.18
456.05	364.57
456.15	366.34
456.25	368.52
456.35	370.85
456.45	372.15
456.55	373.90
456.65	375.15
456.75	376.24
456.86	378.08
456.96	378.58
457.06	379.75
457.16	380.01
457.26	381.16
457.36	383.85
457.46	384.91
457.56	385.36
457.66	386.15
457.77	387.69
457.87	388.40
457.97	389.48
458.07	389.76
458.17	390.92
458.27	391.38
458.37	391.96
458.47	392.21
458.57	393.45
458.67	393.18
458.78	393.37
458.88	394.95
458.98	396.80
459.08	397.06
459.18	397.06
459.28	397.76
459.38	398.32
459.48	398.65
459.58	398.72
459.69	399.83
459.79	400.24
0.00	-39.10
0.10	-24.99
0.20	-13.00
0.30	-3.70
0.40	3.99
0.50	9.29
0.61	12.93
0.71	14.83
0.81	14.94
0.91	13.49
1.01	10.57
1.11	5.94
1.21	0.04
1.31	-7.26
1.41	-15.75
1.51	-24.96
1.61	-37.71
1.72	-49.18
1.82	-61.22
1.92	-73.56
2.02	-86.88
2.12	-100.19
2.22	-113.98
2.32	-127.78
2.42	-141.74
2.52	-155.80
2.62	-169.76
2.72	-183.42
2.83	-196.75
2.93	-210.21
3.03	-223.45
3.13	-235.93
3.23	-247.63
3.33	-259.10
3.43	-269.65
3.53	-279.52
3.63	-288.79
3.74	-296.90
3.84	-304.21
3.94	-310.89
4.04	-314.75
4.14	-319.01
4.24	-322.31
4.34	-324.60
4.44	-325.82
4.54	-325.88
4.64	-324.33
4.75	-321.87
4.85	-317.92
4.95	-312.93
5.05	-307.03
5.15	-299.68
5.25	-291.29
5.35	-281.73
5.45	-270.99
5.55	-259.09
5.65	-246.19
5.75	-232.63
5.86	-218.10
5.96	-202.79
6.06	-186.65
6.16	-169.72
6.26	-152.63
6.36	-134.85
6.46	-116.66
6.56	-97.58
6.66	-78.55
6.76	-59.02
6.86	-39.17
6.97	-19.51
7.07	0.86
7.17	20.82
7.27	40.63
7.37	60.35
7.47	79.33
7.57	98.21
7.67	116.20
7.77	133.99
7.88	151.29
7.98	167.48
8.08	182.36
8.18	197.24
8.28	210.58
8.38	222.80
8.48	234.21
8.58	245.15
8.68	255.04
8.78	263.79
8.89	272.45
8.99	279.58
9.09	284.60
9.19	289.22
9.29	292.96
9.39	294.81
9.49	295.97
9.59	297.77
9.69	295.48
9.79	292.11
9.89	287.65
10.00	281.52
10.10	274.94
10.20	266.65
10.30	257.46
10.40	247.09
10.50	235.84
10.60	224.04
10.70	210.99
10.80	197.44
10.90	182.92
11.01	167.67
11.11	151.54
11.21	134.81
11.31	117.87
11.41	99.98
11.51	82.08
11.61	64.18
11.71	45.77
11.81	27.73
11.92	9.34
12.02	-9.12
12.12	-21.77
12.22	-39.93
12.32	-58.08
12.42	-75.83
12.52	-93.44
12.62	-109.77
12.72	-126.03
12.82	-141.63
12.93	-156.19
13.03	-170.39
13.13	-184.02
13.23	-196.82
13.33	-208.12
13.43	-218.82
13.53	-228.28
13.63	-236.61
13.73	-243.78
13.84	-250.19
13.94	-255.03
14.04	-259.53
14.14	-262.41
14.24	-264.09
14.34	-264.68
14.44	-264.30
14.54	-262.38
14.64	-259.61
14.74	-255.23
14.85	-250.02
14.95	-243.52
15.05	-236.34
15.15	-222.43
15.25	-213.21
15.35	-203.14
15.45	-192.04
15.55	-179.94
15.65	-167.19
15.76	-153.78
15.85	-139.89
15.96	-124.90
16.06	-109.35
16.16	-93.28
16.26	-76.57
16.36	-59.54
16.46	-42.31
16.56	-24.60
16.66	-6.47
16.76	11.36
16.87	29.09
16.97	46.78
17.07	64.19
17.17	81.38
17.27	98.21
17.37	114.05
17.47	129.70
17.57	144.72
17.67	158.73
17.77	172.79
17.87	186.15
17.98	198.10
18.08	209.94
18.18	220.44
18.28	230.67
18.38	240.54
18.48	249.01
18.58	256.16
18.68	262.20
18.78	267.19
18.89	271.33
18.99	274.02
19.09	275.32
19.19	275.45
19.29	275.28
19.39	273.16
19.49	270.51
19.59	266.28
19.69	261.37
19.79	255.25
19.90	247.84
20.00	239.54
20.10	230.57
20.20	220.54
20.30	209.76
20.40	198.17
20.50	185.41
20.60	172.04
20.70	158.29
20.80	143.58
20.91	128.65
21.01	113.22
21.11	97.15
21.21	80.70
21.31	64.21
21.41	47.85
21.51	30.96
21.61	13.91
21.71	-2.83
21.82	-19.59
21.92	-36.76
22.02	-52.77
22.12	-69.09
22.22	-85.13
22.32	-100.28
22.42	-115.21
22.52	-129.70
22.62	-143.32
22.72	-156.20
22.82	-168.64
22.93	-180.21
23.03	-190.55
23.13	-200.37
23.23	-209.00
23.33	-216.85
23.43	-223.41
23.53	-229.49
23.63	-229.06
23.73	-233.11
23.84	-236.36
23.94	-241.14
24.04	-241.48
24.14	-241.01
24.24	-239.51
24.34	-236.93
24.44	-233.18
24.54	-228.83
24.64	-223.13
24.75	-216.48
24.85	-208.85
24.95	-200.26
25.05	-190.55
25.15	-180.22
25.25	-169.46
25.35	-157.64
25.45	-144.95
25.55	-131.06
25.65	-117.35
25.76	-102.94
25.86	-88.29
25.96	-73.02
26.06	-56.67
26.16	-40.34
26.26	-23.97
26.36	-7.77
26.46	8.76
26.56	25.33
26.66	41.71
26.77	57.12
26.87	72.62
26.97	87.59
27.07	102.71
27.17	116.92
27.27	130.23
27.37	143.47
27.47	156.59
27.57	169.01
27.67	181.11
27.78	192.46
27.88	203.33
27.98	212.67
28.08	221.68
28.18	230.05
28.28	236.70
28.38	241.96
28.48	246.61
28.58	249.93
28.68	252.19
28.79	253.48
28.89	254.05
28.99	253.35
29.09	251.58
29.19	248.90
29.29	245.61
29.39	241.08
29.49	235.87
29.59	229.68
29.70	222.70
29.80	214.91
29.90	206.12
30.00	196.41
30.10	185.84
30.20	174.15
30.30	161.94
30.40	149.24
30.50	136.03
30.60	122.08
30.71	107.88
30.81	93.33
30.91	78.27
31.01	62.05
31.11	46.95
31.21	31.45
31.31	15.63
31.41	0.25
31.51	-15.21
31.61	-30.55
31.72	-45.88
31.82	-60.63
31.92	-75.70
32.02	-90.07
32.12	-103.71
32.22	-117.03
32.32	-129.53
32.42	-141.40
32.52	-152.33
32.63	-163.01
32.73	-172.76
32.83	-181.12
32.93	-189.12
33.03	-196.41
33.13	-203.34
33.23	-208.77
33.33	-213.04
33.43	-216.78
33.53	-219.34
33.64	-221.18
33.74	-222.02
33.84	-221.57
33.94	-220.34
34.04	-218.42
34.14	-215.15
34.24	-211.29
34.34	-206.23
34.44	-200.22
34.54	-193.26
34.65	-185.59
34.75	-177.06
34.85	-167.61
34.95	-157.48
35.05	-146.96
35.15	-134.91
35.25	-122.41
35.35	-109.29
35.45	-90.63
35.56	-76.85
35.66	-63.00
35.76	-48.80
35.86	-35.01
35.96	-20.26
36.06	-5.70
36.16	8.69
36.26	23.20
36.36	38.04
36.46	52.39
36.56	66.77
36.67	80.43
36.77	94.06
36.87	107.46
36.97	121.18
37.07	133.67
37.17	146.24
37.27	157.93
37.37	169.13
37.47	179.43
37.58	189.10
37.68	198.15
37.78	206.04
37.88	212.99
37.98	218.64
38.08	223.76
38.18	227.87
38.28	230.93
38.38	232.98
38.48	234.83
38.59	235.29
38.69	235.03
38.79	233.87
38.89	231.78
38.99	228.79
39.09	225.25
39.19	220.44
39.29	214.52
39.39	208.09
39.50	200.54
39.60	192.16
39.70	183.30
39.80	173.54
39.90	163.11
40.00	152.10
40.10	140.40
40.20	127.88
40.30	115.24
40.40	102.37
40.51	89.00
40.61	75.30
40.71	61.94
40.81	47.84
40.91	33.70
41.01	19.42
41.11	4.99
41.21	-9.41
41.31	-23.68
41.41	-37.70
41.52	-51.62
41.62	-64.78
41.72	-78.00
41.82	-90.80
41.92	-102.86
42.02	-114.21
42.12	-125.10
42.22	-135.45
42.32	-145.18
42.42	-154.52
42.53	-163.04
42.63	-170.54
42.73	-177.36
42.83	-183.64
42.93	-188.86
43.03	-193.12
43.13	-196.71
43.23	-199.43
43.33	-200.96
43.44	-201.66
43.54	-201.97
43.64	-200.68
43.74	-199.04
43.84	-196.14
43.94	-192.18
44.04	-187.72
44.14	-182.79
44.24	-175.90
44.34	-168.80
44.45	-160.91
44.55	-152.52
44.65	-143.24
44.75	-133.03
44.85	-122.28
44.95	-111.36
45.05	-100.50
45.15	-88.62
45.25	-76.19
45.36	-63.38
45.46	-50.46
45.56	-37.29
45.66	-23.77
45.76	-10.49
45.86	2.64
45.96	16.51
46.06	30.28
46.16	43.67
46.26	56.98
46.36	70.88
46.47	84.09
46.57	96.74
46.67	109.70
46.77	122.36
46.87	133.90
46.97	140.60
47.07	150.82
47.17	160.63
47.27	169.85
47.37	178.11
47.47	185.20
47.58	191.74
47.68	197.40
47.78	202.28
47.88	206.77
47.98	210.03
48.08	212.68
48.18	214.95
48.28	216.20
48.38	216.39
48.49	215.92
48.59	213.87
48.69	211.58
48.79	206.75
48.89	202.66
48.99	197.78
49.09	192.04
49.19	185.19
49.29	177.58
49.40	169.80
49.50	160.66
49.60	151.13
49.70	140.92
49.80	130.37
49.90	119.21
50.00	107.90
50.10	95.85
50.20	83.76
50.30	71.22
50.40	58.51
50.51	45.83
50.61	32.64
50.71	19.61
50.81	6.58
50.91	-6.50
51.01	-19.42
51.11	-32.10
51.21	-44.50
51.31	-57.17
51.42	-68.91
51.52	-80.47
51.62	-91.30
51.72	-102.03
51.82	-112.18
51.92	-122.22
52.02	-131.46
52.12	-139.89
52.22	-147.54
52.32	-154.76
52.43	-160.63
52.53	-166.45
52.63	-171.27
52.73	-175.36
52.83	-178.74
52.93	-181.05
53.03	-182.15
53.13	-183.14
53.23	-183.19
53.34	-182.13
53.44	-180.12
53.54	-177.51
53.64	-174.29
53.74	-169.87
53.84	-164.88
53.94	-159.24
54.04	-152.83
54.14	-145.28
54.24	-137.07
54.35	-128.62
54.45	-119.54
54.55	-110.06
54.65	-100.21
54.75	-90.10
54.85	-78.99
54.95	-67.69
55.05	-56.01
55.15	-44.06
55.25	-32.25
55.36	-19.54
55.46	-6.86
55.56	5.63
55.66	18.20
55.76	30.79
55.86	43.25
55.96	55.54
56.06	67.66
56.16	79.68
56.26	91.44
56.37	102.52
56.47	112.99
56.57	122.94
56.67	132.40
56.77	141.68
56.87	150.44
56.97	158.52
57.07	165.95
57.17	173.15
57.27	178.99
57.38	184.29
57.48	189.58
57.58	193.65
57.68	196.87
57.78	199.47
57.88	201.25
57.98	202.34
58.08	202.47
58.18	201.50
58.29	199.92
58.39	197.03
58.49	193.52
58.59	189.60
58.69	184.47
58.79	179.14
58.89	173.44
58.99	166.42
59.09	158.84
59.19	150.80
59.29	142.01
59.40	132.76
59.50	123.37
59.60	113.20
59.70	102.44
59.80	91.67
59.90	80.34
60.00	68.47
60.10	56.95
60.20	45.00
60.31	33.00
60.41	21.00
60.51	8.95
60.61	-3.15
60.71	-15.09
60.81	-26.74
60.91	-38.15
61.01	-49.29
61.11	-60.08
61.21	-70.72
61.31	-81.34
61.42	-91.27
61.52	-100.71
61.62	-109.57
61.72	-117.89
61.82	-125.50
61.92	-132.72
62.02	-139.54
62.12	-145.31
62.22	-150.44
62.33	-155.02
62.43	-158.82
62.53	-161.63
62.63	-164.05
62.73	-165.70
62.83	-166.31
62.93	-166.45
63.03	-165.62
63.13	-164.09
63.24	-161.79
63.34	-158.70
63.44	-154.66
63.54	-150.28
63.64	-145.27
63.74	-139.25
63.84	-132.79
63.94	-125.65
64.04	-118.12
64.14	-110.11
64.24	-101.26
64.35	-91.94
64.45	-82.25
64.55	-72.28
64.65	-61.52
64.75	-50.89
64.85	-39.85
64.95	-28.81
65.05	-16.97
65.15	-5.37
65.25	6.25
65.36	18.14
65.46	29.98
65.56	41.28
65.66	52.57
65.76	63.19
65.86	73.63
65.96	84.45
66.06	94.73
66.16	104.49
66.26	114.02
66.37	123.11
66.47	131.86
66.57	139.62
66.67	147.33
66.77	154.72
66.87	161.48
66.97	167.46
67.07	172.64
67.17	177.50
67.27	181.08
67.38	183.52
67.48	185.60
67.58	186.87
67.68	187.52
67.78	187.15
67.88	186.09
67.98	184.19
68.08	181.98
68.18	178.98
68.29	175.63
68.39	171.20
68.49	166.19
68.59	161.03
68.69	154.83
68.79	148.14
68.89	140.98
68.99	133.23
69.09	124.62
69.19	115.89
69.30	106.34
69.40	96.73
69.50	86.79
69.60	76.85
69.70	66.01
69.80	55.11
69.90	44.35
70.00	33.38
70.10	22.32
70.20	16.80
70.30	5.56
70.41	-5.47
70.51	-16.45
70.61	-27.22
70.71	-37.71
70.81	-47.98
70.91	-57.98
71.01	-63.68
71.11	-73.24
71.21	-82.33
71.31	-90.87
71.42	-98.92
71.52	-106.23
71.62	-112.71
71.72	-119.43
71.82	-124.96
71.92	-129.96
72.02	-134.41
72.12	-138.19
72.22	-141.03
72.33	-143.33
72.43	-145.41
72.53	-146.39
72.63	-146.62
72.73	-145.94
72.83	-144.65
72.93	-142.81
73.03	-140.42
73.13	-137.30
73.23	-133.29
73.34	-128.72
73.44	-123.44
73.54	-117.86
73.64	-111.32
73.74	-104.65
73.84	-97.32
73.94	-89.31
74.04	-80.99
74.14	-72.19
74.25	-63.08
74.35	-53.68
74.45	-43.74
74.55	-32.81
74.65	-22.77
74.75	-12.78
74.85	-2.54
74.95	7.74
75.05	18.15
75.15	28.14
75.25	38.34
75.36	52.77
75.46	62.63
75.56	72.00
75.66	81.90
75.76	91.35
75.86	100.39
75.96	109.62
76.06	118.54
76.16	126.76
76.26	134.42
76.37	141.50
76.47	147.53
76.57	153.10
76.67	157.94
76.77	161.95
76.87	165.80
76.97	169.01
77.07	171.21
77.17	173.15
77.28	174.14
77.38	174.53
77.48	174.56
77.58	173.83
77.68	172.49
77.78	170.71
77.88	168.33
77.98	165.31
78.08	161.05
78.18	156.89
78.29	151.70
78.39	145.86
78.49	139.72
78.59	132.73
78.69	125.35
78.79	117.58
78.89	109.75
78.99	101.26
79.09	92.20
79.20	82.99
79.30	73.64
79.40	63.96
79.50	53.86
79.60	44.02
79.70	34.07
79.80	23.86
79.90	13.67
80.00	3.54
80.10	-6.54
80.20	-16.06
80.31	-25.86
80.41	-35.47
80.51	-44.99
80.61	-53.99
80.71	-62.64
80.81	-71.26
80.91	-79.20
81.01	-86.89
81.11	-94.29
81.21	-101.08
81.32	-106.93
81.42	-112.08
81.52	-117.38
81.62	-121.91
81.72	-125.71
81.82	-129.18
81.92	-131.87
82.02	-133.87
82.12	-135.23
82.23	-136.32
82.33	-136.50
82.43	-135.68
82.53	-134.54
82.63	-132.47
82.73	-130.09
82.83	-127.19
82.93	-123.58
83.03	-119.35
83.13	-114.33
83.24	-109.27
83.34	-103.30
83.44	-96.74
83.54	-89.90
83.64	-82.66
83.74	-75.32
83.84	-67.46
83.94	-58.98
84.04	-50.38
84.14	-41.82
84.25	-32.97
84.35	-23.33
84.45	-14.01
84.55	-4.71
84.65	5.13
84.75	14.37
84.85	24.20
84.95	33.74
85.05	43.20
85.15	52.69
85.26	62.31
85.36	71.79
85.46	80.60
85.56	89.32
85.66	97.31
85.76	105.84
85.86	113.05
85.96	119.50
86.06	125.52
86.16	131.15
86.27	138.79
86.37	143.35
86.47	147.08
86.57	150.43
86.67	153.56
86.77	156.03
86.87	157.68
86.97	159.09
87.07	159.89
87.18	159.89
87.28	159.30
87.38	158.58
87.48	159.86
87.58	157.61
87.68	154.58
87.78	152.20
87.88	147.74
87.98	142.86
88.08	137.71
88.18	131.33
88.29	124.66
88.39	117.93
88.49	110.88
88.59	103.49
88.69	95.56
88.79	87.53
88.89	79.06
88.99	70.46
89.09	61.68
89.20	52.50
89.30	43.27
89.40	33.96
89.50	24.51
89.60	15.04
89.70	5.68
89.80	-3.50
89.90	-12.82
90.00	-21.83
90.10	-30.49
90.21	-39.57
90.31	-47.99
90.41	-56.09
90.51	-63.74
90.61	-71.05
90.71	-77.90
90.81	-81.30
90.91	-87.59
91.01	-94.06
91.11	-99.10
91.21	-104.15
91.32	-108.69
91.42	-112.41
91.52	-115.39
91.62	-117.92
91.72	-120.07
91.82	-121.17
91.92	-122.11
92.02	-122.75
92.12	-121.87
92.23	-120.87
92.33	-119.48
92.43	-117.11
92.53	-114.40
92.63	-110.73
92.73	-106.69
92.83	-101.96
92.93	-97.21
93.03	-91.85
93.13	-85.76
93.24	-79.82
93.34	-73.33
93.44	-66.16
93.54	-59.00
93.64	-51.40
93.74	-39.78
93.84	-31.89
93.94	-24.10
94.04	-15.89
94.14	-7.35
94.25	1.52
94.35	9.94
94.45	18.69
94.55	27.66
94.65	36.38
94.75	45.21
94.85	53.60
94.95	61.92
95.05	72.42
95.15	80.05
95.26	87.80
95.36	95.16
95.46	101.90
95.56	108.31
95.66	114.04
95.76	119.74
95.86	125.35
95.96	130.23
96.06	134.32
96.16	138.11
96.27	141.35
96.37	144.03
96.47	146.48
96.57	148.76
96.67	149.32
96.77	150.20
96.87	150.94
96.97	150.50
97.07	149.07
97.18	147.12
97.28	144.51
97.38	141.39
97.48	138.07
97.58	134.16
97.68	129.81
97.78	124.97
97.88	119.72
97.98	114.23
98.08	108.12
98.19	101.86
98.29	95.02
98.39	88.12
98.49	80.71
98.59	73.08
98.69	64.92
98.79	56.93
98.89	48.68
98.99	40.15
99.09	31.34
99.19	23.12
99.30	14.72
99.40	1.68
99.50	-6.60
99.60	-14.77
99.70	-22.78
99.80	-30.75
99.90	-38.26
100.00	-45.85
100.11	-53.20
100.21	-59.54
100.31	-66.22
100.41	-72.40
100.51	-78.23
100.61	-83.57
100.71	-88.79
100.81	-93.55
100.91	-97.93
101.01	-101.88
101.11	-105.14
101.22	-108.13
101.32	-110.57
101.42	-112.19
101.52	-113.23
101.62	-113.67
101.72	-113.59
101.82	-113.06
101.92	-111.66
102.02	-110.07
102.13	-107.82
102.23	-105.08
102.33	-101.93
102.43	-98.33
102.53	-93.81
102.63	-89.82
102.73	-85.08
102.83	-79.73
102.93	-74.24
103.04	-68.78
103.14	-62.44
103.24	-55.57
103.34	-48.29
103.44	-40.87
103.54	-32.88
103.64	-24.84
103.74	-16.85
103.84	-8.60
103.94	-0.57
104.05	7.36
104.15	16.09
104.25	24.83
104.35	33.14
104.45	41.23
104.55	49.07
104.65	56.12
104.75	62.91
104.85	69.67
104.95	77.18
105.06	83.58
105.16	90.05
105.26	94.04
105.36	100.34
105.46	106.22
105.56	111.16
105.66	115.96
105.76	120.36
105.86	124.24
105.97	127.48
106.07	129.95
106.17	132.21
106.27	133.80
106.37	134.71
106.47	135.22
106.57	135.36
106.67	135.19
106.77	134.03
106.87	132.38
106.98	130.41
107.08	127.84
107.18	124.95
107.28	121.95
107.38	118.10
107.48	113.70
107.58	109.01
107.68	104.11
107.79	98.56
107.89	92.28
107.99	86.27
108.09	79.70
108.19	72.72
108.29	65.63
108.39	58.40
108.49	51.08
108.59	43.43
108.69	35.75
108.79	28.17
108.90	20.56
109.00	12.93
109.10	5.13
109.20	-2.22
109.30	-10.11
109.40	-17.61
109.50	-24.78
109.60	-32.09
109.70	-38.88
109.81	-45.89
109.91	-52.34
110.01	-58.18
110.11	-64.22
110.21	-70.01
110.31	-75.16
110.41	-79.70
110.51	-84.06
110.61	-88.11
110.71	-90.96
110.82	-94.01
110.92	-96.41
111.02	-98.24
111.12	-100.07
111.22	-101.07
111.32	-101.27
111.42	-101.05
111.52	-100.65
111.62	-99.32
111.73	-98.00
111.83	-96.25
111.93	-94.04
112.03	-90.94
112.13	-87.49
112.23	-83.77
112.33	-79.48
112.43	-74.90
112.53	-69.96
112.63	-64.66
112.74	-58.98
112.84	-53.03
112.94	-46.98
113.04	-40.03
113.14	-33.28
113.24	-26.56
113.34	-19.84
113.44	-12.84
113.54	-5.75
113.64	1.69
113.75	8.75
113.85	16.06
113.95	23.86
114.05	31.42
114.15	38.25
114.25	46.18
114.35	53.38
114.45	60.36
114.55	67.09
114.66	73.58
114.76	80.01
114.86	85.80
114.96	92.16
115.06	97.81
115.16	102.17
115.26	106.56
115.36	110.53
115.46	114.20
115.56	117.19
115.67	120.08
115.77	122.33
115.87	124.21
115.97	125.25
116.07	128.79
116.17	129.35
116.27	129.63
116.37	129.45
116.47	128.83
116.58	126.89
116.68	125.04
116.78	122.64
116.88	119.11
116.98	115.75
117.08	112.02
117.18	107.76
117.28	102.98
117.38	98.33
117.48	93.01
117.59	87.46
117.69	81.84
117.79	75.85
117.89	69.45
117.99	63.13
118.09	56.72
118.19	49.79
118.29	42.90
118.39	35.85
118.50	28.51
118.60	20.99
118.70	13.69
118.80	6.40
118.90	-0.67
119.00	-7.73
119.10	-14.70
119.20	-21.41
119.30	-28.19
119.40	-34.78
119.51	-40.84
119.61	-47.05
119.71	-52.45
119.81	-57.68
119.91	-62.64
120.01	-67.51
120.11	-71.79
120.21	-75.70
120.31	-79.31
120.42	-82.70
120.52	-85.46
120.62	-87.94
120.72	-89.79
120.82	-91.55
120.92	-92.82
121.02	-93.63
121.12	-93.45
121.22	-92.88
121.32	-91.83
121.43	-90.34
121.53	-88.58
121.63	-86.30
121.73	-83.48
121.83	-80.16
121.93	-76.65
122.03	-72.67
122.13	-68.18
122.23	-63.67
122.34	-57.94
122.44	-52.79
122.54	-47.35
122.64	-41.69
122.74	-35.95
122.84	-29.55
122.94	-22.88
123.04	-16.33
123.14	-9.17
123.25	-2.01
123.34	4.59
123.45	11.76
123.55	18.77
123.65	25.44
123.75	32.16
123.85	38.81
123.95	45.22
124.05	50.95
124.15	57.31
124.25	63.29
124.36	68.28
124.46	73.86
124.56	78.77
124.66	83.73
124.76	88.89
124.86	94.10
124.96	98.45
125.06	102.37
125.16	105.75
125.26	109.17
125.37	112.06
125.47	114.21
125.57	116.00
125.67	117.20
125.77	118.34
125.87	118.47
125.97	118.40
126.07	117.83
126.18	116.93
126.28	115.59
126.38	113.81
126.48	111.62
126.58	109.29
126.68	106.57
126.78	103.24
126.88	100.08
126.98	96.13
127.08	91.77
127.18	87.18
127.29	82.12
127.39	76.67
127.49	71.08
127.59	65.63
127.69	58.90
127.79	52.85
127.89	46.71
127.99	40.73
128.10	34.19
128.20	27.58
128.30	20.75
128.40	13.81
128.50	7.42
128.60	1.35
128.70	-5.07
128.80	-11.41
128.90	-17.59
129.00	-23.81
129.11	-29.07
129.21	-34.62
129.31	-40.04
129.41	-45.39
129.51	-50.27
129.61	-54.85
129.71	-59.76
129.81	-63.77
129.91	-67.23
130.02	-70.62
130.12	-73.89
130.22	-76.35
130.32	-78.43
130.42	-79.71
130.52	-80.97
130.62	-81.92
130.72	-82.43
130.82	-82.41
130.92	-82.04
131.02	-81.38
131.13	-79.96
131.23	-78.32
131.33	-76.45
131.43	-74.38
131.53	-71.41
131.63	-68.19
131.73	-64.78
131.83	-60.94
131.94	-57.24
132.04	-52.63
132.14	-47.75
132.24	-42.61
132.34	-37.38
132.44	-32.11
132.54	-26.51
132.64	-20.63
132.74	-14.75
132.84	-8.76
132.94	-2.82
133.05	3.42
133.15	8.95
133.25	15.50
133.35	21.92
133.45	33.33
133.55	39.56
133.65	45.58
133.75	51.95
133.85	57.71
133.96	63.32
134.06	68.75
134.16	74.47
134.26	79.24
134.36	83.68
134.46	87.80
134.56	91.71
134.66	95.52
134.76	98.60
134.86	101.27
134.97	104.10
135.07	106.30
135.17	108.13
135.27	109.88
135.37	110.98
135.47	111.98
135.57	112.63
135.67	111.55
135.77	111.22
135.88	110.91
135.98	109.37
136.08	107.25
136.18	105.24
136.28	102.58
136.38	99.65
136.48	96.41
136.58	92.89
136.68	88.95
136.78	84.85
136.89	80.76
136.99	76.17
137.09	71.21
137.19	66.05
137.29	60.85
137.39	55.66
137.49	50.22
137.59	44.51
137.69	38.54
137.80	32.61
137.90	26.83
138.00	20.99
138.10	14.79
138.20	8.60
138.30	2.77
138.40	-3.37
138.50	-9.35
138.60	-14.98
138.70	-20.48
138.80	-25.86
138.91	-31.07
139.01	-35.91
139.11	-40.62
139.21	-45.34
139.31	-49.57
139.41	-53.59
139.51	-57.41
139.61	-60.69
139.71	-63.56
139.82	-66.28
139.92	-68.47
140.02	-70.04
140.12	-71.89
140.22	-73.10
140.32	-73.94
140.42	-74.39
140.52	-74.42
140.62	-73.95
140.73	-72.85
140.83	-71.41
140.93	-69.79
141.03	-67.85
141.13	-65.36
141.23	-62.89
141.33	-60.35
141.43	-57.03
141.53	-48.13
141.63	-44.62
141.74	-40.89
141.84	-36.80
141.94	-32.71
142.04	-28.22
142.14	-23.51
142.24	-18.58
142.34	-12.91
142.44	-7.51
142.54	-1.88
142.65	3.96
142.75	10.06
142.85	16.01
142.95	21.56
143.05	27.33
143.15	32.56
143.25	37.79
143.35	43.05
143.45	48.14
143.55	52.99
143.66	57.49
143.76	61.61
143.86	66.28
143.96	70.47
144.06	74.84
144.16	79.20
144.26	82.99
144.36	86.59
144.46	90.21
144.57	93.20
144.66	96.29
144.77	98.88
144.87	100.83
144.97	102.69
145.07	103.81
145.17	104.02
145.27	104.07
145.37	103.86
145.47	103.07
145.57	102.02
145.68	100.67
145.78	99.18
145.88	97.32
145.98	95.31
146.08	92.69
146.18	90.51
146.28	87.58
146.38	84.30
146.49	80.54
146.59	76.41
146.69	72.19
146.79	67.53
146.89	62.80
146.99	57.91
147.09	52.82
147.19	47.43
147.29	41.96
147.39	37.21
147.49	31.85
147.60	26.26
147.70	20.74
147.80	15.21
147.90	9.80
148.00	4.71
148.10	-0.78
148.20	-6.14
148.30	-11.68
148.40	-17.20
148.51	-22.09
148.61	-26.94
148.71	-31.34
148.81	-35.87
148.91	-40.08
149.01	-43.92
149.11	-47.48
149.21	-50.85
149.31	-53.71
149.41	-56.43
149.52	-58.65
149.62	-60.82
149.72	-62.63
149.82	-63.85
149.92	-65.06
150.02	-65.80
150.12	-66.16
150.22	-66.01
150.32	-65.96
150.43	-65.36
150.52	-64.49
150.63	-63.17
150.73	-61.61
150.83	-59.78
150.93	-57.54
151.03	-54.96
151.13	-52.46
151.23	-48.84
151.33	-39.55
151.44	-35.62
151.54	-31.59
151.64	-27.36
151.74	-23.14
151.84	-18.83
151.94	-14.19
152.04	-9.48
152.14	-5.16
152.24	-0.35
152.34	4.42
152.45	9.30
152.55	14.18
152.65	19.22
152.75	24.16
152.85	29.20
152.95	34.29
153.05	39.58
153.15	44.55
153.25	49.17
153.36	54.11
153.46	58.76
153.56	62.82
153.66	67.08
153.76	70.37
153.86	73.96
153.96	76.86
154.06	79.77
154.16	82.38
154.26	85.01
154.36	87.01
154.47	88.51
154.57	89.98
154.67	91.23
154.77	92.17
154.87	92.91
154.97	94.17
155.07	94.46
155.17	94.09
155.27	93.13
155.38	91.82
155.48	90.08
155.58	88.58
155.68	86.00
155.78	83.80
155.88	81.36
155.98	78.54
156.08	75.37
156.18	72.10
156.28	68.49
156.39	64.72
156.49	60.73
156.59	56.45
156.69	52.17
156.79	47.66
156.89	43.03
156.99	38.18
157.09	33.27
157.19	28.26
157.30	23.19
157.40	18.13
157.50	13.08
157.60	7.92
157.70	2.43
157.80	-2.54
157.90	-6.92
158.00	-11.72
158.10	-16.13
158.20	-20.63
158.30	-24.55
158.41	-28.67
158.51	-32.74
158.61	-36.75
158.71	-40.31
158.81	-43.45
158.91	-46.52
159.01	-48.70
159.11	-51.01
159.21	-52.86
159.32	-54.57
159.42	-56.24
159.52	-57.78
159.62	-58.64
159.72	-59.31
159.82	-59.59
159.92	-59.36
160.02	-58.89
160.12	-58.30
160.23	-57.38
160.33	-55.87
160.43	-54.17
160.53	-52.21
160.63	-49.85
160.73	-47.21
160.83	-44.20
160.93	-41.19
161.03	-38.33
161.13	-35.01
161.24	-31.26
161.34	-27.50
161.44	-23.52
161.54	-19.20
161.64	-14.94
161.74	-10.19
161.84	-5.33
161.94	-0.72
162.04	3.47
162.15	8.40
162.25	13.83
162.35	18.54
162.45	23.46
162.55	28.39
162.65	32.87
162.75	37.22
162.85	41.36
162.95	45.69
163.05	49.66
163.15	53.58
163.26	57.60
163.36	61.47
163.46	65.14
163.56	68.84
163.66	72.05
163.76	75.19
163.86	78.03
163.96	80.33
164.06	82.46
164.16	84.49
164.27	85.77
164.37	86.73
164.47	86.94
164.57	87.80
164.67	87.66
164.77	87.42
164.87	87.15
164.97	86.29
165.07	84.98
165.18	84.38
165.28	82.91
165.38	81.37
165.48	79.15
165.58	76.94
165.68	74.39
165.78	71.17
165.88	68.11
165.98	64.71
166.09	61.17
166.19	57.31
166.29	53.35
166.39	49.03
166.49	44.93
166.59	40.53
166.69	36.16
166.79	31.60
166.89	26.57
166.99	21.94
167.10	17.44
167.20	12.57
167.30	8.04
167.40	3.39
167.50	-1.03
167.60	-5.93
167.70	-10.38
167.80	-14.86
167.90	-18.67
168.00	-22.74
168.11	-26.50
168.21	-30.32
168.31	-33.81
168.41	-37.27
168.51	-43.75
168.61	-45.97
168.71	-48.42
168.81	-50.10
168.91	-51.24
169.02	-52.43
169.12	-54.16
169.22	-55.10
169.32	-55.55
169.42	-55.92
169.52	-56.02
169.62	-55.72
169.72	-55.44
169.82	-54.66
169.92	-53.78
170.02	-52.59
170.13	-50.81
170.23	-48.87
170.33	-46.53
170.43	-43.95
170.53	-41.00
170.63	-38.10
170.73	-34.90
170.83	-31.20
170.94	-27.59
171.04	-23.56
171.14	-19.49
171.24	-15.41
171.34	-11.64
171.44	-7.71
171.54	-3.47
171.64	0.30
171.74	4.79
171.84	9.10
171.94	13.64
172.05	18.16
172.15	23.20
172.25	27.64
172.35	31.61
172.45	36.08
172.55	40.62
172.65	45.09
172.75	49.04
172.85	52.94
172.96	56.54
173.06	60.66
173.16	63.98
173.26	66.78
173.36	69.69
173.46	71.91
173.56	74.21
173.66	75.95
173.76	77.75
173.86	79.47
173.97	80.69
174.07	82.01
174.17	82.51
174.27	83.18
174.37	83.77
174.47	83.83
174.57	83.44
174.67	82.72
174.77	81.83
174.88	80.69
174.98	79.21
175.08	77.20
175.18	75.14
175.28	73.03
175.38	70.43
175.48	67.61
175.58	64.73
175.68	61.49
175.78	58.02
175.88	54.62
175.99	50.89
176.09	47.19
176.19	42.98
176.29	39.33
176.39	35.17
176.49	30.91
176.59	26.61
176.69	22.38
176.79	18.01
176.90	13.61
177.00	9.53
177.10	5.05
177.20	0.80
177.30	-3.39
177.40	-7.62
177.50	-11.44
177.60	-15.22
177.70	-18.61
177.80	-22.12
177.91	-25.92
178.01	-28.77
178.11	-31.68
178.21	-34.55
178.31	-37.07
178.41	-39.57
178.51	-41.54
178.61	-43.31
178.71	-44.80
178.81	-46.16
178.92	-47.15
179.02	-47.79
179.12	-48.00
179.22	-48.10
179.32	-47.85
179.42	-47.21
179.52	-46.49
179.62	-45.27
179.72	-44.11
179.83	-42.65
179.93	-41.12
180.03	-39.06
180.13	-36.86
180.23	-34.62
180.33	-32.14
180.43	-29.68
180.53	-26.60
180.63	-23.37
180.73	-20.05
180.84	-16.39
180.94	-12.57
181.04	-8.70
181.14	-4.51
181.24	-0.64
181.34	3.90
181.44	8.10
181.54	11.60
181.64	15.77
181.75	19.68
181.85	23.59
181.95	27.91
182.05	31.67
182.15	35.74
182.25	39.35
182.35	42.78
182.45	46.64
182.55	49.91
182.65	50.71
182.76	54.03
182.86	56.83
182.96	59.09
183.06	62.03
183.16	64.83
183.26	67.84
183.36	70.30
183.46	72.28
183.56	74.57
183.66	76.14
183.77	76.98
183.87	77.18
183.97	77.32
184.07	77.21
184.17	74.70
184.27	74.51
184.37	73.79
184.47	72.40
184.57	71.18
184.68	70.12
184.78	69.16
184.88	67.80
184.98	67.01
185.08	61.56
185.18	59.24
185.28	56.52
185.38	53.85
185.48	51.01
185.58	47.85
185.69	44.61
185.79	41.23
185.89	37.27
185.99	34.16
186.09	30.70
186.19	26.66
186.29	23.58
186.39	19.80
186.49	15.91
186.60	12.52
186.70	8.99
186.80	5.54
186.90	1.86
187.00	-1.83
187.10	-5.59
187.20	-9.31
187.30	-13.19
187.40	-17.43
187.50	-20.81
187.60	-23.77
187.71	-26.68
187.81	-29.25
187.91	-31.54
188.01	-33.71
188.11	-35.72
188.21	-37.59
188.31	-39.21
188.41	-40.50
188.51	-41.37
188.62	-42.15
188.72	-42.95
188.82	-43.25
188.92	-43.49
189.02	-43.31
189.12	-43.05
189.22	-43.29
189.32	-42.43
189.42	-41.31
189.52	-40.24
189.63	-38.78
189.73	-36.99
189.83	-34.79
189.93	-32.60
190.03	-30.22
190.13	-27.56
190.23	-24.83
190.33	-21.74
190.43	-18.55
190.54	-14.93
190.64	-11.68
190.74	-8.15
190.84	-4.54
190.94	-1.01
191.04	2.94
191.14	6.64
191.24	9.96
191.34	13.66
191.44	17.38
191.55	21.16
191.65	24.95
191.75	28.95
191.85	32.61
191.95	36.38
192.05	40.21
192.15	44.25
192.25	47.88
192.35	51.24
192.45	54.43
192.56	56.56
192.66	59.08
192.76	61.27
192.86	63.21
192.96	64.95
193.06	66.85
193.16	68.16
193.26	69.35
193.36	70.68
193.47	71.90
193.57	72.71
193.67	73.42
193.77	74.00
193.87	74.15
193.97	73.54
194.07	73.36
194.17	72.55
194.27	71.67
194.37	70.34
194.48	68.87
194.58	66.93
194.68	64.83
194.78	62.64
194.88	60.26
194.98	57.39
195.08	54.67
195.18	51.99
195.28	48.74
195.38	45.55
195.49	42.48
195.59	39.20
195.69	35.74
195.79	32.10
195.89	28.50
195.99	25.07
196.09	21.47
196.19	17.90
196.29	13.85
196.40	10.26
196.50	6.50
196.60	2.82
196.70	-1.07
196.80	-3.87
196.90	-7.42
197.00	-10.90
197.10	-13.91
197.20	-16.56
197.30	-19.23
197.41	-18.82
197.51	-21.38
197.61	-23.71
197.71	-26.08
197.81	-28.02
197.91	-29.97
198.01	-31.32
198.11	-32.86
198.21	-34.11
198.32	-34.81
198.41	-35.72
198.52	-35.98
198.62	-36.23
198.72	-36.27
198.82	-35.86
198.92	-35.61
199.02	-34.83
199.12	-33.44
199.22	-32.32
199.32	-30.70
199.43	-29.17
199.53	-26.86
199.63	-24.92
199.73	-22.92
199.83	-20.78
199.93	-17.84
200.03	-15.54
200.13	-13.07
200.23	-10.41
200.34	-7.54
200.44	-4.42
200.54	-1.05
200.64	2.11
200.74	5.70
200.84	9.27
200.94	12.80
201.04	16.31
201.14	19.90
201.24	23.75
201.35	27.16
201.45	30.71
201.55	34.17
201.65	37.31
201.75	40.55
201.85	43.52
201.95	46.49
202.05	48.92
202.15	51.22
202.26	53.76
202.36	56.17
202.46	58.22
202.56	60.70
202.66	62.67
202.76	64.39
202.86	66.27
202.96	67.70
203.06	69.07
203.16	70.01
203.27	70.56
203.37	70.79
203.47	71.35
203.57	71.03
203.67	70.63
203.77	73.30
203.87	71.73
203.97	70.49
204.07	72.82
204.17	71.28
204.27	69.22
204.38	67.35
204.48	65.09
204.58	62.73
204.68	60.45
204.78	57.92
204.88	55.03
204.98	52.08
205.08	48.97
205.19	45.67
205.29	45.59
205.39	42.06
205.49	38.31
205.59	37.14
205.69	33.43
205.79	29.41
205.89	26.69
205.99	23.21
206.09	19.65
206.20	16.17
206.30	12.36
206.40	8.59
206.50	4.81
206.60	1.47
206.70	-1.85
206.80	-5.36
206.90	-8.24
207.00	-10.93
207.10	-13.73
207.21	-16.30
207.31	-18.93
207.41	-21.14
207.51	-23.18
207.61	-24.72
207.71	-26.33
207.81	-27.67
207.91	-28.68
208.01	-29.50
208.11	-30.13
208.22	-30.42
208.32	-30.25
208.42	-30.24
208.52	-30.32
208.62	-30.06
208.72	-29.45
208.82	-28.73
208.92	-27.80
209.02	-26.61
209.13	-25.28
209.23	-23.86
209.33	-22.07
209.43	-20.22
209.53	-18.20
209.63	-16.19
209.73	-13.33
209.83	-10.77
209.93	-7.73
210.03	-4.84
210.13	-1.85
210.24	1.24
210.34	4.18
210.44	7.07
210.54	9.97
210.64	13.02
210.74	16.22
210.84	19.51
210.94	22.53
211.04	25.66
211.15	28.62
211.25	31.64
211.35	34.66
211.45	37.58
211.55	40.75
211.65	43.96
211.75	46.86
211.85	49.97
211.95	52.32
212.05	54.80
212.16	56.91
212.26	58.72
212.36	60.38
212.46	61.56
212.56	62.99
212.66	63.94
212.76	68.19
212.86	68.43
212.96	68.61
213.07	72.03
213.17	71.68
213.27	71.19
213.37	70.93
213.47	70.29
213.57	69.27
213.67	68.16
213.77	67.25
213.87	65.79
213.98	64.35
214.08	62.28
214.18	60.42
214.28	58.35
214.38	56.03
214.48	53.03
214.58	50.48
214.68	47.80
214.78	44.56
214.88	41.48
214.98	38.41
215.09	35.24
215.19	32.33
215.29	29.06
215.39	26.11
215.49	23.15
215.59	19.99
215.69	17.00
215.79	13.95
215.89	10.60
216.00	7.47
216.10	4.39
216.20	1.28
216.30	-1.79
216.40	-4.70
216.50	-7.31
216.60	-9.90
216.70	-12.50
216.80	-14.63
216.90	-16.90
217.01	-18.80
217.11	-20.61
217.21	-22.23
217.31	-23.62
217.41	-24.84
217.51	-26.10
217.61	-26.89
217.71	-27.65
217.81	-28.37
217.91	-28.70
218.02	-29.11
218.12	-29.11
218.22	-28.75
218.32	-28.41
218.42	-30.69
218.52	-29.66
218.62	-28.68
218.72	-27.29
218.82	-25.83
218.93	-24.04
219.03	-22.03
219.13	-19.88
219.23	-17.59
219.33	-15.06
219.43	-12.51
219.53	-10.13
219.63	-7.62
219.73	-4.89
219.83	-2.30
219.94	0.37
220.04	3.35
220.14	6.03
220.24	9.08
220.34	11.88
220.44	15.18
220.54	18.27
220.64	21.36
220.74	24.29
220.84	27.33
220.95	30.06
221.05	33.16
221.15	36.25
221.25	38.94
221.35	41.49
221.45	43.47
221.55	45.54
221.65	47.27
221.75	49.00
221.85	50.70
221.96	52.42
222.06	53.55
222.16	55.02
222.26	56.22
222.36	57.66
222.46	58.42
222.56	59.50
222.66	60.33
222.76	60.81
222.87	61.02
222.97	60.97
223.07	61.07
223.17	60.42
223.27	59.65
223.37	58.81
223.47	57.72
223.57	56.59
223.67	55.16
223.77	53.45
223.88	51.63
223.98	49.80
224.08	47.91
224.18	45.76
224.28	43.62
224.38	41.59
224.48	39.26
224.58	36.70
224.68	34.01
224.78	31.31
224.88	28.55
224.99	25.77
225.09	22.88
225.19	20.14
225.29	17.38
225.39	14.11
225.49	11.06
225.59	8.25
225.69	5.49
225.80	2.92
225.90	0.32
226.00	-2.30
226.10	-4.83
226.20	-7.19
226.30	-9.48
226.40	-11.76
226.50	-13.57
226.60	-15.39
226.70	-17.12
226.80	-19.06
226.91	-20.51
227.01	-21.89
227.11	-22.69
227.21	-23.96
227.31	-24.86
227.41	-25.72
227.51	-26.33
227.61	-26.76
227.72	-26.83
227.82	-26.98
227.92	-26.73
228.02	-26.30
228.12	-25.38
228.22	-24.46
228.32	-23.19
228.42	-21.78
228.52	-20.29
228.62	-18.93
228.72	-17.33
228.83	-15.86
228.93	-13.62
229.03	-11.74
229.13	-9.80
229.23	-7.76
229.33	-5.63
229.43	-3.19
229.53	-0.33
229.63	2.18
229.74	4.97
229.84	8.02
229.94	10.62
230.04	13.14
230.14	16.09
230.24	18.78
230.34	21.39
230.44	24.07
230.54	26.72
230.64	28.33
230.75	31.02
230.85	33.47
230.95	36.59
231.05	38.76
231.15	40.82
231.25	42.88
231.35	44.84
231.45	46.70
231.55	48.76
231.65	50.72
231.76	52.19
231.86	58.53
231.96	59.90
232.06	60.81
232.16	62.02
232.26	62.22
232.36	62.50
232.46	62.78
232.56	61.79
232.66	61.45
232.77	61.48
232.87	60.55
232.97	59.53
233.07	53.75
233.17	52.96
233.27	51.86
233.37	47.07
233.47	45.97
233.57	44.82
233.68	43.23
233.78	41.97
233.88	40.37
233.98	38.75
234.08	37.06
234.18	35.06
234.28	32.71
234.38	30.17
234.48	27.56
234.59	25.13
234.69	22.48
234.79	19.85
234.89	17.26
234.99	14.55
235.09	11.97
235.19	9.32
235.29	7.21
235.39	4.95
235.49	2.45
235.59	0.33
235.70	-2.09
235.80	-4.34
235.90	-6.62
236.00	-8.79
236.10	-10.50
236.20	-12.42
236.30	-9.00
236.40	-11.10
236.50	-12.95
236.61	-14.45
236.71	-15.83
236.81	-17.29
236.91	-18.47
237.01	-19.55
237.11	-20.17
237.21	-20.21
237.31	-20.35
237.41	-20.18
237.51	-19.97
237.62	-19.73
237.72	-19.34
237.82	-18.97
237.92	-18.12
238.02	-17.47
238.12	-16.34
238.22	-15.43
238.32	-14.26
238.42	-13.04
238.52	-11.39
238.63	-9.82
238.73	-7.93
238.83	-5.93
238.93	-4.29
239.03	-2.12
239.13	0.23
239.23	2.82
239.33	5.33
239.43	8.21
239.54	10.95
239.63	13.41
239.74	15.94
239.84	18.49
239.94	20.71
240.04	22.93
240.14	25.13
240.24	27.88
240.34	29.88
240.44	32.09
240.54	34.23
240.65	36.77
240.75	39.03
240.85	41.18
240.95	43.27
241.05	45.11
241.15	47.20
241.25	48.84
241.35	50.30
241.45	51.54
241.55	52.86
241.66	53.87
241.76	54.77
241.86	55.28
241.96	55.52
242.06	55.49
242.16	55.62
242.26	55.44
242.36	55.67
242.46	55.48
242.57	55.36
242.67	55.09
242.77	54.09
242.87	53.28
242.97	52.37
243.07	50.75
243.17	49.56
243.27	47.98
243.37	46.18
243.48	44.53
243.58	42.55
243.68	40.47
243.78	38.10
243.88	35.84
243.98	33.40
244.08	30.48
244.18	28.21
244.28	25.90
244.38	23.35
244.49	21.18
244.59	18.18
244.69	15.77
244.79	13.48
244.89	11.45
244.99	9.23
245.09	7.17
245.19	5.06
245.29	2.61
245.39	0.43
245.50	-1.84
245.60	-4.10
245.70	-6.15
245.80	-8.19
245.90	-9.73
246.00	-11.39
246.10	-13.07
246.20	-14.52
246.30	-15.69
246.41	-16.76
246.51	-17.52
246.61	-18.15
246.71	-18.84
246.81	-19.40
246.91	-19.43
247.01	-19.80
247.11	-19.96
247.21	-19.97
247.31	-19.82
247.41	-19.33
247.52	-18.71
247.62	-17.98
247.72	-17.33
247.82	-16.56
247.92	-15.33
248.02	-13.82
248.12	-12.17
248.22	-10.17
248.33	-8.36
248.43	-6.19
248.53	-4.28
248.63	-2.07
248.73	0.19
248.83	2.38
248.93	4.51
249.03	6.58
249.13	8.70
249.23	10.77
249.33	13.13
249.44	15.37
249.54	17.71
249.64	19.82
249.74	21.93
249.84	24.18
249.94	26.62
250.04	28.94
250.14	31.00
250.24	33.70
250.35	35.66
250.45	37.88
250.55	39.78
250.65	41.29
250.75	43.08
250.85	45.08
250.95	46.32
251.05	47.41
251.15	48.39
251.25	49.32
251.36	49.85
251.46	50.36
251.56	51.59
251.66	52.21
251.76	52.75
251.86	52.86
251.96	53.22
252.06	53.31
252.16	56.14
252.26	55.84
252.37	55.29
252.47	54.58
252.57	53.50
252.67	52.58
252.77	51.00
252.87	49.45
252.97	47.72
253.07	45.99
253.17	44.04
253.27	42.14
253.38	40.18
253.48	38.42
253.58	36.10
253.68	34.19
253.78	32.34
253.88	30.22
253.98	28.46
254.08	26.03
254.18	23.88
254.29	21.69
254.39	19.20
254.49	16.64
254.59	16.31
254.69	14.00
254.79	11.45
254.89	8.97
254.99	6.53
255.09	4.45
255.19	2.33
255.30	0.21
255.40	-2.15
255.50	-3.94
255.60	-5.40
255.70	-2.83
255.80	-4.28
255.90	-5.72
256.00	-7.08
256.10	-8.48
256.20	-10.11
256.30	-11.15
256.41	-11.99
256.51	-12.89
256.61	-13.50
256.71	-13.82
256.81	-14.83
256.91	-15.19
257.01	-14.68
257.11	-14.25
257.21	-13.69
257.32	-12.95
257.42	-12.05
257.52	-10.90
257.62	-9.71
257.72	-8.57
257.82	-7.39
257.92	-5.87
258.02	-4.53
258.12	-3.05
258.23	-1.55
258.33	-0.52
258.43	1.20
258.53	3.29
258.63	4.93
258.73	6.93
258.83	9.09
258.93	11.33
259.03	13.52
259.13	15.59
259.23	17.81
259.34	19.67
259.44	22.24
259.54	24.47
259.64	26.65
259.74	28.87
259.84	31.52
259.94	33.45
260.04	35.23
260.14	36.86
260.25	38.67
260.35	40.19
260.45	41.93
260.55	43.33
260.65	44.72
260.75	45.98
260.85	47.03
260.95	48.08
261.05	48.68
261.15	49.59
261.26	50.46
261.36	51.09
261.46	51.78
261.56	51.80
261.66	51.61
261.76	51.88
261.86	51.53
261.96	51.10
262.06	50.40
262.17	49.78
262.27	48.69
262.37	47.91
262.47	47.11
262.57	45.51
262.67	44.33
262.77	42.86
262.87	41.37
262.97	39.80
263.07	38.06
263.17	36.16
263.28	34.25
263.38	32.34
263.48	30.47
263.58	28.30
263.68	26.23
263.78	24.07
263.88	21.72
263.98	19.53
264.08	17.21
264.19	14.94
264.29	13.20
264.39	11.04
264.49	8.99
264.59	6.74
264.69	4.90
264.79	3.40
264.89	-1.87
264.99	-3.27
265.10	-4.71
265.20	-6.32
265.30	-7.61
265.40	-8.83
265.50	-10.24
265.60	-11.22
265.70	-12.31
265.80	-13.55
265.90	-14.77
266.00	-15.28
266.10	-15.77
266.21	-16.23
266.31	-16.27
266.41	-16.10
266.51	-16.20
266.61	-15.89
266.71	-15.59
266.81	-15.21
266.91	-14.70
267.02	-13.87
267.11	-12.93
267.22	-12.13
267.32	-9.47
267.42	-8.60
267.52	-7.52
267.62	-6.49
267.72	-5.27
267.82	-3.50
267.92	-2.03
268.02	-0.43
268.13	1.29
268.23	3.08
268.33	4.62
268.43	6.74
268.53	8.91
268.63	11.06
268.73	13.26
268.83	15.49
268.93	17.87
269.03	19.88
269.14	21.63
269.24	23.50
269.34	25.08
269.44	27.12
269.54	29.27
269.64	30.40
269.74	32.28
269.84	34.07
269.94	36.37
270.05	37.65
270.15	38.91
270.25	40.47
270.35	41.80
270.45	43.16
270.55	44.10
270.65	44.99
270.75	45.64
270.85	46.36
270.95	47.04
271.05	47.54
271.16	47.76
271.26	47.38
271.36	47.41
271.46	47.04
271.56	46.68
271.66	46.10
271.76	45.55
271.86	45.02
271.97	44.42
272.07	44.05
272.17	43.74
272.27	42.91
272.37	41.26
272.47	40.00
272.57	38.50
272.67	37.17
272.77	35.91
272.87	34.62
272.97	32.39
273.08	30.52
273.18	28.89
273.28	27.20
273.38	25.54
273.48	23.51
273.58	21.49
273.68	19.66
273.78	17.68
273.88	15.79
273.98	14.10
274.09	12.25
274.19	10.29
274.29	8.62
274.39	6.69
274.49	4.96
274.59	3.31
274.69	1.84
274.79	0.25
274.89	-1.26
275.00	-2.70
275.10	-4.11
275.20	-5.26
275.30	-6.14
275.40	-7.09
275.50	-8.03
275.60	-8.88
275.70	-9.54
275.80	-10.11
275.90	-10.55
276.01	-10.63
276.11	-10.65
276.21	-10.26
276.31	-10.05
276.41	-9.75
276.51	-9.96
276.61	-9.76
276.71	-9.37
276.81	-8.91
276.92	-8.46
277.02	-7.79
277.12	-6.65
277.22	-5.37
277.32	-4.35
277.42	-3.28
277.52	-1.92
277.62	-0.17
277.72	1.44
277.82	3.37
277.92	5.05
278.03	6.70
278.13	8.61
278.23	10.28
278.33	11.92
278.43	13.32
278.53	15.60
278.63	16.62
278.73	18.19
278.83	20.03
278.94	22.28
279.04	24.17
279.14	26.11
279.24	27.85
279.34	29.86
279.44	31.77
279.54	33.73
279.64	35.39
279.74	36.87
279.84	38.68
279.95	39.85
280.05	41.00
280.15	41.85
280.25	42.51
280.35	42.89
280.45	43.39
280.55	43.97
280.65	43.87
280.75	44.23
280.85	44.52
280.95	44.64
281.06	44.91
281.16	45.01
281.26	44.76
281.36	44.43
281.46	44.05
281.56	43.65
281.66	42.77
281.76	42.03
281.86	41.33
281.97	40.21
282.07	39.10
282.17	37.40
282.27	36.33
282.37	34.76
282.47	33.02
282.57	31.42
282.67	30.00
282.77	28.60
282.88	26.72
282.98	25.13
283.08	23.73
283.18	22.04
283.28	20.29
283.38	18.62
283.48	16.99
283.58	15.24
283.68	13.23
283.79	11.27
283.89	9.36
283.99	7.39
284.09	5.57
284.19	3.94
284.29	2.34
284.39	0.88
284.49	-0.67
284.59	-1.98
284.69	-2.98
284.79	-3.99
284.90	-4.79
285.00	-5.45
285.10	-6.17
285.20	-6.62
285.30	-7.54
285.40	-8.56
285.50	-8.88
285.60	-9.14
285.70	-9.53
285.80	-9.90
285.91	-10.06
286.01	-10.11
286.11	-10.10
286.21	-9.89
286.31	-9.65
286.41	-9.32
286.51	-8.65
286.61	-7.72
286.71	-6.93
286.82	-6.24
286.92	-4.92
287.02	-3.43
287.12	-4.81
287.22	-3.32
287.32	-1.65
287.42	-0.22
287.52	1.29
287.62	3.08
287.72	4.82
287.82	6.43
287.93	7.91
288.03	9.62
288.13	11.28
288.23	13.02
288.33	14.97
288.43	16.62
288.53	18.74
288.63	21.05
288.73	22.95
288.83	24.40
288.94	26.18
289.04	28.02
289.14	29.32
289.24	30.86
289.34	31.71
289.44	33.23
289.54	34.32
289.64	35.25
289.74	36.19
289.85	37.13
289.95	38.02
290.05	39.02
290.15	39.82
290.25	40.58
290.35	41.25
290.45	41.54
290.55	42.21
290.65	42.45
290.75	42.58
290.86	42.20
290.96	41.79
291.06	41.45
291.16	40.83
291.26	40.24
291.36	39.22
291.46	38.61
291.56	37.88
291.66	36.84
291.77	35.70
291.87	34.61
291.97	33.53
292.07	32.70
292.17	31.37
292.27	30.25
292.37	28.84
292.47	27.35
292.57	25.88
292.67	24.23
292.77	22.72
292.88	21.24
292.98	19.43
293.08	17.65
293.18	15.77
293.28	13.83
293.38	12.24
293.48	10.78
293.58	9.09
293.69	11.89
293.79	10.04
293.89	8.79
293.99	7.10
294.09	5.84
294.19	4.40
294.29	3.28
294.39	2.37
294.49	1.30
294.59	0.13
294.69	-0.87
294.80	-1.83
294.90	-2.74
295.00	-3.55
295.10	-4.57
295.20	-5.34
295.30	-5.68
295.40	-6.09
295.50	-6.39
295.60	-6.47
295.70	-6.50
295.80	-6.02
295.91	-5.57
296.01	-5.09
296.11	-4.79
296.21	-3.65
296.31	-2.61
296.41	-2.28
296.51	-1.42
296.61	-0.60
296.71	-0.17
296.82	0.69
296.92	1.50
297.02	2.68
297.12	3.95
297.22	5.10
297.32	6.39
297.42	7.67
297.52	9.39
297.62	11.07
297.72	12.72
297.83	14.93
297.93	16.53
298.03	17.96
298.13	19.41
298.23	20.84
298.33	22.15
298.43	23.64
298.53	25.11
298.63	26.30
298.73	27.59
298.83	28.81
298.94	30.02
299.04	31.17
299.14	32.36
299.24	33.74
299.34	34.80
299.44	35.86
299.54	36.97
299.64	37.87
299.75	38.73
299.85	39.39
299.95	39.92
300.05	40.38
300.15	40.61
300.25	40.83
300.35	41.04
300.45	41.13
300.55	40.33
300.65	39.91
300.76	39.32
300.86	38.85
300.96	38.31
301.06	37.89
301.16	37.20
301.26	36.74
301.36	36.40
301.46	35.43
301.56	35.01
301.67	34.21
301.77	32.95
301.87	31.90
301.97	30.46
302.07	29.23
302.17	27.57
302.27	26.19
302.37	24.68
302.47	22.95
302.57	21.05
302.67	19.45
302.78	17.98
302.88	16.28
302.98	14.91
303.08	13.67
303.18	12.13
303.28	10.83
303.38	9.54
303.48	8.16
303.58	6.75
303.69	5.51
303.79	4.49
303.89	3.76
303.99	2.48
304.09	1.25
304.19	0.29
304.29	-0.58
304.39	-1.70
304.49	-2.36
304.59	-3.04
304.70	-3.79
304.80	-4.35
304.90	-4.93
305.00	-4.94
305.10	-5.14
305.20	-4.88
305.30	-4.79
305.40	-4.70
305.50	-4.36
305.60	-4.15
305.70	-3.64
305.81	-3.21
305.91	-2.90
306.01	-2.45
306.11	-1.93
306.21	-1.48
306.31	-0.81
306.41	0.08
306.51	1.18
306.61	2.12
306.72	3.26
306.82	4.45
306.92	6.23
307.02	7.67
307.12	9.13
307.22	10.78
307.32	12.24
307.42	13.98
307.52	15.38
307.62	16.61
307.73	18.03
307.83	19.18
307.93	20.42
308.03	21.90
308.13	23.30
308.23	24.54
308.33	25.56
308.43	26.78
308.53	28.14
308.63	29.24
308.74	30.62
308.84	31.59
308.94	32.56
309.04	33.58
309.14	34.91
309.24	35.81
309.34	36.52
309.44	37.19
309.54	37.73
309.64	37.85
309.75	37.55
309.85	37.83
309.95	37.69
310.05	37.55
310.15	37.42
310.25	37.45
310.35	37.23
310.45	37.02
310.55	36.67
310.66	36.53
310.76	36.16
310.86	35.60
310.96	34.82
311.06	34.28
311.16	33.26
311.26	32.35
311.36	31.63
311.46	30.65
311.57	28.77
311.67	27.93
311.77	26.78
311.87	25.35
311.97	23.93
312.07	22.63
312.17	21.25
312.27	20.24
312.37	18.88
312.47	17.68
312.58	16.20
312.68	14.89
312.78	13.69
312.88	12.46
312.98	11.09
313.08	9.63
313.18	8.35
313.28	6.93
313.38	5.69
313.48	4.50
313.58	3.48
313.69	2.35
313.79	1.39
313.89	0.67
313.99	-0.32
314.09	-1.15
314.19	-1.59
314.29	-2.26
314.39	-2.65
314.49	-3.02
314.60	-3.47
314.70	-3.64
314.80	1.49
314.90	1.26
315.00	0.85
315.10	0.81
315.20	0.77
315.30	0.73
315.40	0.69
315.50	0.81
315.61	2.27
315.71	2.65
315.81	3.62
315.91	4.09
316.01	4.64
316.11	5.40
316.21	6.38
316.31	7.31
316.41	8.30
316.51	9.13
316.61	9.28
316.72	10.46
316.82	11.44
316.92	12.47
317.02	13.59
317.12	14.82
317.22	15.97
317.32	16.93
317.42	18.18
317.52	19.27
317.63	20.46
317.73	22.08
317.83	23.33
317.93	24.26
318.03	25.80
318.13	27.11
318.23	28.75
318.33	29.52
318.43	30.19
318.54	30.78
318.64	31.89
318.74	32.65
318.84	33.47
318.94	34.04
319.04	34.34
319.14	34.97
319.24	35.27
319.34	35.76
319.44	36.17
319.55	36.36
319.65	36.30
319.75	36.58
319.85	36.65
319.95	37.07
320.05	37.17
320.15	36.81
320.25	36.47
320.35	36.09
320.45	35.44
320.56	35.02
320.66	34.07
320.76	33.16
320.86	32.00
320.96	31.20
321.06	30.14
321.16	29.14
321.26	27.73
321.36	26.84
321.47	25.85
321.57	24.86
321.67	23.87
321.77	23.02
321.87	21.57
321.97	20.49
322.07	19.37
322.17	17.85
322.27	16.41
322.37	14.99
322.48	13.54
322.58	11.86
322.68	10.72
322.78	9.53
322.88	8.41
322.98	7.39
323.08	6.27
