427.67	-1.96
427.77	4.33
427.87	9.87
427.98	14.72
428.08	19.39
428.18	24.52
428.28	28.29
428.38	32.03
428.48	36.08
428.58	40.02
428.68	43.02
428.78	45.97
428.88	49.07
428.98	51.87
429.09	54.02
429.19	56.37
429.29	58.30
429.39	58.89
429.49	60.10
429.59	61.94
429.69	64.19
429.79	66.98
429.89	71.33
430.00	75.87
430.10	80.57
430.20	86.20
430.30	92.74
430.40	99.35
430.50	106.63
430.60	114.05
430.70	121.25
430.80	128.74
430.91	135.80
431.01	143.36
431.11	151.54
431.21	159.71
431.31	168.38
431.41	176.86
431.51	184.32
431.61	192.35
431.71	201.48
431.82	209.26
431.92	217.30
432.02	225.08
432.12	232.43
432.22	239.06
432.32	245.70
432.42	252.32
432.52	259.60
432.62	265.87
432.72	271.98
432.83	278.48
432.93	284.81
433.03	291.06
433.13	296.86
433.23	302.62
433.33	307.34
433.43	312.37
433.53	317.75
433.64	322.11
433.74	327.26
433.84	331.75
433.94	336.16
434.04	340.10
434.14	344.20
434.24	348.34
434.34	352.42
434.44	357.00
434.54	361.50
434.65	365.72
434.75	369.69
434.85	373.95
434.95	377.96
435.05	391.26
435.15	395.54
435.25	398.87
435.35	403.07
435.45	406.77
435.55	410.43
435.66	413.81
435.76	417.02
435.86	419.77
435.96	422.48
436.06	424.56
436.16	426.88
436.26	429.13
436.36	430.98
436.46	433.58
436.56	435.10
436.67	437.84
436.77	440.10
436.87	442.25
436.97	444.34
437.07	445.92
437.17	447.62
437.27	449.24
437.37	451.08
437.47	452.68
437.58	454.54
437.68	455.76
437.78	456.38
437.88	458.36
0.00	-36.30
0.10	-18.58
0.20	-3.06
0.30	11.10
0.40	23.04
0.50	33.04
0.61	41.39
0.71	47.77
0.81	53.13
0.91	56.32
1.01	58.41
1.11	58.64
1.21	57.21
1.31	54.45
1.41	50.52
1.51	45.50
1.61	39.12
1.72	31.77
1.82	23.18
1.92	13.72
2.02	3.28
2.12	-7.73
2.22	-19.49
2.32	-32.27
2.42	-45.01
2.52	-58.01
2.62	-72.11
2.72	-86.35
2.83	-100.78
2.93	-115.34
3.03	-129.93
3.13	-138.83
3.23	-153.84
3.33	-168.75
3.43	-183.06
3.53	-197.26
3.63	-210.69
3.73	-224.31
3.84	-237.04
3.94	-248.99
4.04	-260.54
4.14	-271.61
4.24	-282.18
4.34	-292.32
4.44	-301.41
4.54	-309.69
4.64	-316.95
4.75	-324.01
4.84	-330.16
4.95	-335.75
5.05	-334.56
5.15	-338.43
5.25	-341.41
5.35	-343.24
5.45	-344.08
5.55	-343.72
5.65	-342.04
5.75	-339.94
5.86	-336.79
5.96	-332.30
6.06	-326.94
6.16	-320.44
6.26	-313.32
6.36	-305.05
6.46	-296.05
6.56	-286.10
6.66	-275.19
6.76	-263.18
6.86	-250.52
6.97	-237.40
7.07	-222.88
7.17	-207.78
7.27	-192.49
7.37	-176.22
7.47	-159.36
7.57	-142.49
7.67	-124.87
7.78	-106.52
7.88	-88.35
7.98	-70.53
8.08	-52.65
8.18	-34.47
8.28	-16.30
8.38	2.02
8.48	20.67
8.58	38.78
8.68	56.80
8.78	74.71
8.89	93.07
8.99	110.37
9.09	127.35
9.19	144.63
9.29	160.70
9.39	176.81
9.49	192.47
9.59	207.10
9.69	220.89
9.79	233.65
9.89	245.97
10.00	256.92
10.10	267.42
10.20	276.50
10.30	285.08
10.40	292.82
10.50	299.33
10.60	305.72
10.70	311.03
10.80	315.73
10.90	319.04
11.01	321.24
11.11	323.18
11.21	323.87
11.31	323.83
11.41	322.38
11.51	319.51
11.61	315.39
11.71	310.57
11.81	305.04
11.92	302.44
12.02	294.27
12.12	286.15
12.22	278.55
12.32	267.47
12.42	255.95
12.52	243.95
12.62	231.00
12.72	217.45
12.82	203.18
12.93	188.27
13.03	172.76
13.13	156.97
13.23	140.72
13.33	123.93
13.43	106.79
13.53	89.20
13.63	71.64
13.73	54.06
13.84	36.60
13.94	18.67
14.04	0.74
14.14	-17.00
14.24	-34.40
14.34	-51.68
14.44	-68.74
14.54	-85.91
14.64	-102.51
14.74	-119.14
14.84	-135.08
14.95	-150.23
15.05	-164.96
15.15	-179.37
15.25	-193.15
15.35	-206.14
15.45	-218.13
15.55	-229.48
15.65	-239.75
15.75	-249.36
15.85	-258.35
15.96	-266.38
16.06	-273.56
16.16	-279.63
16.26	-284.50
16.36	-289.28
16.46	-292.71
16.56	-295.68
16.66	-297.64
16.76	-298.51
16.87	-298.33
16.97	-297.47
17.07	-295.59
17.17	-292.46
17.27	-288.54
17.37	-283.36
17.47	-277.85
17.57	-271.10
17.67	-263.30
17.77	-254.88
17.88	-245.64
17.98	-235.46
18.08	-224.58
18.18	-212.91
18.28	-200.76
18.38	-186.97
18.48	-167.77
18.58	-153.49
18.68	-138.41
18.79	-123.69
18.89	-108.41
18.99	-92.39
19.09	-76.57
19.19	-60.59
19.29	-44.56
19.39	-27.58
19.49	-11.35
19.59	5.07
19.69	21.66
19.79	38.58
19.90	55.25
20.00	71.49
20.10	88.16
20.20	104.11
20.30	120.20
20.40	135.84
20.50	151.40
20.60	165.18
20.70	179.17
20.80	192.61
20.91	205.13
21.01	217.37
21.11	228.16
21.21	238.65
21.31	248.22
21.41	256.90
21.51	264.81
21.61	272.17
21.71	278.66
21.82	283.98
21.92	288.78
22.02	293.59
22.12	297.31
22.22	299.94
22.32	300.85
22.42	301.55
22.52	301.88
22.62	300.63
22.72	298.25
22.83	294.69
22.93	290.65
23.03	285.37
23.13	279.35
23.23	271.89
23.33	263.94
23.43	254.99
23.53	245.74
23.63	235.71
23.74	225.07
23.84	213.67
23.94	201.33
24.04	188.52
24.14	175.34
24.24	161.58
24.34	147.35
24.44	132.73
24.54	117.59
24.64	102.16
24.75	86.35
24.85	70.29
24.95	53.92
25.05	37.73
25.15	21.09
25.25	4.74
25.35	-11.75
25.45	-27.81
25.55	-43.77
25.65	-59.63
25.76	-75.35
25.86	-91.08
25.96	-106.13
26.06	-121.02
26.16	-135.82
26.26	-149.43
26.36	-162.76
26.46	-175.37
26.56	-187.50
26.67	-199.03
26.77	-209.83
26.87	-219.84
26.97	-229.54
27.07	-238.07
27.17	-245.51
27.27	-253.94
27.37	-260.24
27.47	-265.23
27.57	-269.82
27.67	-273.28
27.78	-275.86
27.88	-277.82
27.98	-278.78
28.08	-278.74
28.18	-277.90
28.28	-276.26
28.38	-273.54
28.48	-270.12
28.58	-265.76
28.69	-260.47
28.79	-254.45
28.89	-247.73
28.99	-239.94
29.09	-231.44
29.19	-222.47
29.29	-212.60
29.39	-201.97
29.49	-190.72
29.59	-178.93
29.70	-166.09
29.80	-153.03
29.90	-139.53
30.00	-125.45
30.10	-110.93
30.20	-96.54
30.30	-81.46
30.40	-66.14
30.50	-50.48
30.61	-35.25
30.71	-19.64
30.81	-4.26
30.91	11.05
31.01	26.10
31.11	41.35
31.21	56.93
31.31	71.73
31.41	86.65
31.51	101.31
31.62	115.60
31.72	130.07
31.82	143.81
31.92	157.22
32.02	170.76
32.12	183.62
32.22	195.34
32.32	206.23
32.42	216.41
32.53	225.89
32.63	234.75
32.73	242.26
32.83	249.65
32.93	256.22
33.03	261.96
33.13	266.46
33.23	269.98
33.33	273.09
33.43	275.58
33.54	276.95
33.64	277.60
33.74	277.97
33.84	277.68
33.94	276.04
34.04	273.34
34.14	269.97
34.24	265.47
34.34	260.25
34.45	254.19
34.54	247.33
34.65	239.56
34.75	231.38
34.85	222.31
34.95	212.95
35.05	202.60
35.15	191.97
35.25	180.62
35.35	169.34
35.45	156.67
35.56	143.59
35.66	130.01
35.76	116.26
35.86	102.15
35.96	87.54
36.06	72.66
36.16	57.83
36.26	42.69
36.36	27.65
36.47	12.57
36.57	-2.41
36.67	-17.59
36.77	-32.71
36.87	-47.67
36.97	-62.29
37.07	-76.27
37.17	-90.46
37.27	-104.14
37.37	-117.08
37.47	-130.08
37.58	-142.52
37.68	-154.60
37.78	-166.22
37.88	-177.46
37.98	-187.88
38.08	-197.74
38.18	-206.90
38.28	-214.96
38.38	-222.61
38.49	-229.38
38.59	-235.41
38.69	-240.79
38.79	-245.25
38.89	-249.09
38.99	-251.98
39.09	-254.03
39.19	-255.48
39.29	-255.96
39.40	-255.51
39.50	-254.48
39.60	-252.61
39.70	-249.83
39.80	-246.09
39.90	-241.63
40.00	-236.45
40.10	-230.78
40.20	-224.09
40.30	-216.49
40.40	-208.51
40.51	-199.74
40.61	-190.25
40.71	-179.69
40.81	-169.20
40.91	-157.84
41.01	-146.45
41.11	-134.48
41.21	-121.65
41.31	-108.42
41.42	-94.90
41.52	-81.26
41.62	-66.84
41.72	-52.10
41.82	-37.55
41.92	-23.07
42.02	-8.91
42.12	5.38
42.22	19.86
42.32	33.92
42.43	47.97
42.53	61.82
42.63	75.08
42.73	88.63
42.83	101.80
42.93	114.81
43.03	127.27
43.13	140.00
43.23	151.25
43.33	162.89
43.44	174.65
43.54	184.76
43.64	195.18
43.74	204.67
43.84	213.08
43.94	221.33
44.04	228.61
44.14	234.78
44.24	240.04
44.35	244.94
44.45	249.34
44.55	252.78
44.65	254.89
44.75	256.99
44.85	257.74
44.95	257.96
45.05	257.56
45.15	256.53
45.25	254.55
45.36	251.73
45.46	248.59
45.56	243.91
45.66	239.22
45.76	233.30
45.86	226.74
45.96	219.40
46.06	211.03
46.16	202.23
46.27	193.02
46.37	182.87
46.47	171.97
46.57	161.03
46.67	149.97
46.77	138.13
46.87	125.97
46.97	113.42
47.07	100.40
47.17	87.68
47.28	74.40
47.38	60.78
47.48	47.24
47.58	33.43
47.68	19.55
47.78	5.73
47.88	-8.56
47.98	-22.23
48.08	-35.87
48.18	-49.38
48.28	-62.66
48.39	-75.52
48.49	-88.40
48.59	-100.78
48.69	-112.74
48.79	-124.55
48.89	-135.93
48.99	-146.58
49.09	-157.05
49.19	-167.00
49.29	-176.40
49.40	-184.93
49.50	-193.03
49.60	-200.43
49.70	-207.16
49.80	-213.10
49.90	-218.45
50.00	-218.27
50.10	-222.46
50.20	-225.69
50.31	-228.05
50.41	-230.15
50.51	-231.24
50.61	-231.63
50.71	-231.15
50.81	-229.84
50.91	-228.05
51.01	-225.25
51.11	-221.83
51.22	-217.54
51.31	-212.57
51.42	-206.64
51.52	-199.81
51.62	-192.82
51.72	-184.92
51.82	-176.28
51.92	-167.41
52.02	-158.19
52.12	-148.08
52.22	-138.18
52.33	-127.57
52.43	-117.04
52.53	-105.54
52.63	-93.56
52.73	-81.03
52.83	-68.58
52.93	-55.90
53.03	-42.71
53.13	-29.17
53.24	-15.56
53.34	-1.64
53.44	12.20
53.54	25.59
53.64	38.56
53.74	51.48
53.84	64.40
53.94	76.78
54.04	89.20
54.14	101.29
54.25	113.32
54.35	124.61
54.45	135.47
54.55	146.05
54.65	156.55
54.75	166.22
54.85	175.16
54.95	184.20
55.05	192.64
55.15	200.11
55.26	207.65
55.36	214.62
55.46	220.64
55.56	225.56
55.66	230.53
55.76	234.60
55.86	237.42
55.96	239.55
56.06	240.88
56.17	241.38
56.27	240.81
56.37	239.57
56.47	237.74
56.57	235.71
56.67	232.77
56.77	229.53
56.87	224.96
56.97	219.96
57.07	214.41
57.18	207.94
57.28	201.29
57.38	193.93
57.48	185.48
57.58	176.61
57.68	167.33
57.78	157.46
57.88	147.09
57.98	136.13
58.08	125.08
58.19	113.67
58.29	101.89
58.39	90.04
58.49	77.79
58.59	65.40
58.69	52.98
58.79	39.98
58.89	27.28
58.99	14.42
59.10	1.60
59.20	-11.23
59.30	-24.07
59.40	-36.77
59.50	-49.18
59.60	-61.37
59.70	-73.20
59.80	-84.94
59.90	-96.19
60.00	-106.98
60.10	-117.48
60.21	-127.61
60.31	-137.23
60.41	-146.72
60.51	-155.63
60.61	-163.85
60.71	-171.66
60.81	-178.78
60.91	-185.34
61.01	-191.32
61.12	-196.80
61.22	-201.61
61.32	-205.53
61.42	-208.41
61.52	-211.34
61.62	-213.27
61.72	-214.21
61.82	-214.75
61.92	-214.76
62.02	-213.97
62.13	-212.52
62.23	-210.25
62.33	-207.43
62.43	-203.81
62.53	-199.77
62.63	-194.78
62.73	-189.29
62.83	-183.33
62.93	-176.66
63.03	-169.33
63.13	-161.46
63.24	-153.14
63.34	-144.08
63.44	-134.88
63.54	-125.08
63.64	-114.93
63.74	-104.43
63.84	-93.36
63.94	-82.09
64.04	-70.74
64.15	-59.25
64.25	-47.14
64.35	-34.78
64.45	-22.54
64.55	-9.82
64.65	2.82
64.75	15.28
64.85	27.87
64.95	40.08
65.05	51.97
65.16	63.72
65.26	75.39
65.36	87.02
65.46	96.97
65.56	107.77
65.66	118.13
65.76	128.02
65.86	137.77
65.96	146.98
66.06	155.68
66.16	164.15
66.27	172.54
66.37	180.27
66.47	187.85
66.57	194.31
66.67	200.29
66.77	206.28
66.87	211.47
66.97	215.34
67.07	218.43
67.18	220.95
67.28	227.51
67.38	227.98
67.48	228.08
67.58	227.68
67.68	226.39
67.78	224.52
67.88	219.35
67.98	216.78
68.08	213.19
68.19	209.43
68.29	204.96
68.39	199.86
68.49	194.22
68.59	187.66
68.69	180.28
68.79	172.61
68.89	164.33
69.00	155.41
69.10	146.59
69.20	136.91
69.30	126.82
69.40	116.33
69.50	105.41
69.60	94.39
69.70	83.17
69.80	72.11
69.90	60.61
70.00	48.98
70.11	37.23
70.21	25.82
70.31	14.03
70.41	2.02
70.51	-9.98
70.61	-21.73
70.71	-33.39
70.81	-45.02
70.91	-56.37
71.01	-61.75
71.11	-73.06
71.22	-83.91
71.32	-94.32
71.42	-104.45
71.52	-113.98
71.62	-123.03
71.72	-131.73
71.82	-139.74
71.92	-147.50
72.02	-154.53
72.13	-161.40
72.23	-167.68
72.33	-173.30
72.43	-178.13
72.53	-181.98
72.63	-185.88
72.73	-188.73
72.83	-191.05
72.93	-192.84
73.04	-193.75
73.14	-194.36
73.24	-194.25
73.34	-193.43
73.44	-191.86
73.54	-189.77
73.64	-187.38
73.74	-183.81
73.84	-179.72
73.94	-174.74
74.05	-169.40
74.15	-163.33
74.25	-156.81
74.35	-149.92
74.45	-142.48
74.55	-134.65
74.65	-126.12
74.75	-117.41
74.85	-108.59
74.95	-99.11
75.06	-89.66
75.16	-79.42
75.26	-68.95
75.36	-58.66
75.46	-47.97
75.56	-37.32
75.66	-26.46
75.76	-15.53
75.86	-3.76
75.96	7.78
76.06	19.74
76.17	31.10
76.27	42.30
76.37	53.78
76.47	65.24
76.57	75.93
76.67	85.99
76.77	96.19
76.87	105.83
76.97	115.09
77.08	123.93
77.18	132.63
77.28	140.65
77.38	148.47
77.48	155.95
77.58	163.40
77.68	170.28
77.78	176.77
77.88	182.68
77.98	187.79
78.09	192.35
78.19	196.64
78.29	200.30
78.39	203.19
78.49	205.18
78.59	206.42
78.69	207.05
78.79	206.80
78.89	206.21
79.00	206.50
79.10	204.52
79.20	202.65
79.30	199.26
79.40	196.05
79.50	191.65
79.60	186.97
79.70	181.87
79.80	175.92
79.90	169.88
80.01	163.08
80.11	155.93
80.21	147.88
80.31	139.99
80.41	131.49
80.51	122.51
80.61	113.24
80.71	103.83
80.81	93.99
80.91	83.69
81.02	73.35
81.12	62.78
81.22	51.90
81.32	41.35
81.42	31.03
81.52	20.23
81.62	9.87
81.72	-1.12
81.82	-12.02
81.93	-22.57
82.03	-33.19
82.13	-43.93
82.23	-54.13
82.33	-64.68
82.43	-74.29
82.53	-84.08
82.63	-93.37
82.73	-102.45
82.83	-110.93
82.93	-118.94
83.04	-126.64
83.14	-133.81
83.24	-140.27
83.34	-146.50
83.44	-152.43
83.54	-157.96
83.64	-162.71
83.74	-167.07
83.84	-170.57
83.94	-173.64
84.05	-176.31
84.15	-178.39
84.25	-179.97
84.35	-180.63
84.45	-180.69
84.55	-180.41
84.65	-179.44
84.75	-177.77
84.85	-175.53
84.96	-172.75
85.06	-169.26
85.16	-165.15
85.26	-160.39
85.36	-155.12
85.46	-149.62
85.56	-143.54
85.66	-137.06
85.76	-129.86
85.86	-122.36
85.97	-114.65
86.07	-106.31
86.17	-98.00
86.27	-89.45
86.37	-80.38
86.47	-71.26
86.57	-61.89
86.67	-52.45
86.77	-42.58
86.88	-32.15
86.98	-21.79
87.08	-11.70
87.18	-0.77
87.28	9.77
87.38	20.58
87.48	31.40
87.58	41.83
87.68	51.74
87.78	62.31
87.88	72.19
87.99	81.83
88.09	91.14
88.19	99.88
88.29	108.64
88.39	116.71
88.49	125.37
88.59	133.00
88.69	140.10
88.79	146.55
88.89	153.02
89.00	159.22
89.10	164.21
89.20	169.35
89.30	174.38
89.40	178.96
89.50	182.66
89.60	185.78
89.70	188.24
89.80	190.78
89.91	192.39
90.01	192.82
90.11	192.43
90.21	191.66
90.31	190.02
90.41	188.12
90.51	185.92
90.61	182.82
90.71	179.43
90.81	175.86
90.92	171.42
91.02	166.20
91.12	160.44
91.22	154.81
91.32	148.57
91.42	142.24
91.52	135.43
91.62	128.16
91.72	120.15
91.83	112.34
91.93	103.88
92.03	94.93
92.13	86.29
92.23	76.97
92.33	67.62
92.43	57.84
92.53	47.95
92.63	37.95
92.73	27.81
92.83	17.17
92.94	7.31
93.04	-2.61
93.14	-12.58
93.24	-22.25
93.34	-31.99
93.44	-41.84
93.54	-51.40
93.64	-60.73
93.74	-69.34
93.84	-78.02
93.95	-86.47
94.05	-94.70
94.15	-102.61
94.25	-109.93
94.35	-116.94
94.45	-123.44
94.55	-129.62
94.65	-135.14
94.75	-140.53
94.86	-145.60
94.96	-149.92
95.06	-153.68
95.16	-156.89
95.26	-159.60
95.36	-161.72
95.46	-163.43
95.56	-164.51
95.66	-165.29
95.76	-165.52
95.86	-164.89
95.97	-163.90
96.07	-162.31
96.17	-160.59
96.27	-157.91
96.37	-154.91
96.47	-151.32
96.57	-147.05
96.67	-142.20
96.78	-136.84
96.88	-131.25
96.98	-124.79
97.08	-118.05
97.18	-111.24
97.28	-104.23
97.38	-96.42
97.48	-88.20
97.58	-79.79
97.68	-71.55
97.79	-62.57
97.89	-53.44
97.99	-44.12
98.09	-35.02
98.19	-25.81
98.29	-16.17
98.39	-6.87
98.49	2.38
98.59	11.56
98.69	20.43
98.79	30.06
98.90	39.81
99.00	48.67
99.10	58.13
99.20	67.88
99.30	76.48
99.40	85.26
99.50	93.55
99.60	101.82
99.70	109.58
99.81	117.45
99.91	124.28
100.01	131.06
100.11	137.31
100.21	142.69
100.31	147.56
100.41	152.28
100.51	156.42
100.61	160.35
100.71	163.98
100.82	166.98
100.92	169.78
101.02	172.14
101.12	174.28
101.22	175.72
101.32	176.28
101.42	176.37
101.52	176.00
101.62	174.70
101.73	172.87
101.83	170.07
101.93	167.47
102.03	164.20
102.13	160.39
102.23	156.27
102.33	152.00
102.43	146.90
102.54	141.46
102.63	135.99
102.74	129.94
102.84	123.29
102.94	116.62
103.04	109.69
103.14	102.11
103.24	94.45
103.34	86.23
103.44	77.92
103.54	69.42
103.65	60.60
103.75	51.82
103.85	42.93
103.95	33.73
104.05	24.80
104.15	15.71
104.25	6.42
104.35	-2.75
104.45	-11.96
104.55	-21.11
104.66	-30.56
104.76	-39.48
104.86	-48.11
104.96	-56.45
105.06	-64.78
105.16	-72.64
105.26	-80.11
105.36	-87.55
105.46	-94.72
105.57	-101.59
105.67	-108.06
105.77	-114.16
105.87	-119.70
105.97	-124.86
106.07	-129.62
106.17	-133.89
106.27	-137.69
106.37	-140.91
106.47	-143.86
106.58	-146.32
106.68	-148.35
106.78	-149.74
106.88	-150.75
106.98	-151.06
107.08	-150.96
107.18	-150.51
107.28	-149.44
107.38	-147.81
107.49	-145.92
107.59	-143.78
107.69	-140.59
107.79	-137.16
107.89	-133.40
107.99	-128.98
108.09	-123.88
108.19	-118.84
108.29	-113.30
108.40	-107.13
108.50	-100.82
108.60	-94.03
108.70	-86.83
108.80	-79.59
108.90	-72.01
109.00	-64.26
109.10	-56.55
109.20	-48.47
109.30	-40.00
109.41	-31.75
109.51	-23.26
109.61	-14.35
109.71	-5.88
109.81	2.42
109.91	11.39
110.01	20.02
110.11	28.72
110.21	37.54
110.32	46.21
110.42	54.90
110.52	63.50
110.62	72.23
110.72	80.22
110.82	88.46
110.92	95.98
111.02	102.69
111.12	109.30
111.22	115.59
111.33	121.41
111.43	126.94
111.53	131.74
111.63	136.85
111.73	141.76
111.83	145.57
111.93	149.29
112.03	152.93
112.13	155.53
112.24	158.41
112.34	158.84
112.44	160.39
112.54	161.87
112.64	162.68
112.74	162.80
112.84	162.51
112.94	161.18
113.04	159.17
113.14	157.11
113.25	154.66
113.35	151.67
113.45	148.49
113.55	144.72
113.65	140.23
113.75	135.17
113.85	130.41
113.95	125.34
114.06	119.72
114.16	114.14
114.26	107.83
114.36	101.54
114.46	94.51
114.56	87.69
114.66	80.30
114.76	72.49
114.86	64.71
114.96	56.63
115.07	48.55
115.17	40.22
115.27	32.06
115.37	23.65
115.47	14.97
115.57	6.72
115.67	-1.61
115.77	-10.03
115.87	-18.38
115.97	-25.96
116.08	-34.16
116.18	-42.06
116.28	-49.85
116.38	-57.26
116.48	-64.80
116.58	-71.96
116.68	-79.11
116.78	-85.75
116.88	-91.97
116.98	-97.87
117.09	-103.37
117.19	-108.61
117.29	-113.48
117.39	-117.80
117.49	-121.51
117.59	-124.99
117.69	-127.74
117.79	-130.70
117.90	-132.81
118.00	-134.92
118.10	-136.18
118.20	-137.02
118.30	-137.57
118.40	-137.34
118.50	-136.72
118.60	-135.59
118.70	-134.16
118.80	-132.95
118.91	-131.15
119.01	-128.39
119.11	-125.27
119.21	-121.66
119.31	-117.63
119.41	-113.15
119.51	-108.24
119.61	-103.13
119.71	-97.52
119.82	-91.64
119.92	-84.91
120.02	-78.42
120.12	-72.00
120.22	-64.95
120.32	-57.60
120.42	-49.97
120.52	-42.47
120.62	-34.70
120.72	-26.81
120.83	-19.12
120.93	-10.92
121.03	-2.97
121.13	4.78
121.23	12.54
121.33	20.76
121.43	28.47
121.53	36.70
121.63	44.47
121.74	52.39
121.84	60.17
121.94	67.96
122.04	75.22
122.14	82.21
122.24	88.85
122.34	95.40
122.44	101.53
122.54	107.56
122.64	113.03
122.75	123.48
122.85	127.80
122.95	131.46
123.05	135.14
123.15	138.63
123.25	141.30
123.35	144.29
123.45	146.77
123.55	149.18
123.66	150.97
123.76	152.53
123.86	153.65
123.96	153.87
124.06	154.07
124.16	153.97
124.26	153.02
124.36	151.47
124.46	149.40
124.56	146.83
124.67	143.84
124.77	140.09
124.87	136.24
124.97	132.43
125.07	127.76
125.17	123.02
125.27	118.12
125.37	113.11
125.47	107.61
125.58	101.73
125.68	95.74
125.78	88.80
125.88	82.06
125.98	75.11
126.08	68.20
126.18	60.99
126.28	53.59
126.38	46.16
126.49	38.46
126.59	30.78
126.69	23.24
126.79	15.28
126.89	7.62
126.99	0.04
127.09	-7.72
127.19	-15.33
127.29	-22.91
127.39	-30.17
127.50	-37.66
127.60	-44.68
127.70	-51.84
127.80	-58.35
127.90	-65.03
128.00	-71.43
128.10	-77.36
128.20	-83.14
128.30	-88.48
128.41	-93.71
128.51	-98.42
128.61	-102.75
128.71	-107.22
128.81	-110.85
128.91	-114.01
129.01	-116.81
129.11	-119.32
129.21	-121.70
129.31	-123.27
129.42	-124.36
129.52	-125.14
129.62	-125.18
129.72	-125.02
129.82	-124.37
129.92	-123.50
130.02	-122.23
130.12	-120.37
130.23	-118.25
130.33	-115.69
130.43	-112.90
130.53	-109.76
130.63	-105.62
130.73	-101.84
130.83	-97.15
130.93	-92.14
131.03	-87.13
131.13	-82.02
131.24	-76.42
131.34	-70.45
131.44	-64.33
131.54	-57.76
131.64	-50.93
131.74	-43.78
131.84	-36.79
131.94	-29.95
132.04	-23.10
132.15	-16.20
132.25	-8.74
132.35	-1.55
132.45	5.63
132.55	12.80
132.65	20.11
132.75	27.20
132.85	34.44
132.95	41.97
133.05	49.47
133.16	57.60
133.26	64.97
133.36	71.72
133.46	77.93
133.56	84.14
133.66	90.08
133.76	96.27
133.86	101.71
133.96	106.63
134.07	111.34
134.16	115.88
134.27	119.78
134.37	123.54
134.47	126.52
134.57	129.34
134.67	131.87
134.77	133.83
134.87	135.64
134.97	137.11
135.08	138.45
135.18	139.18
135.28	139.72
135.38	140.08
135.48	144.63
135.58	143.75
135.68	142.26
135.78	140.15
135.88	137.64
135.99	134.61
136.09	131.58
136.19	127.85
136.29	123.96
136.39	119.76
136.49	115.27
136.59	110.66
136.69	105.87
136.79	100.73
136.90	95.29
137.00	89.53
137.10	83.80
137.20	77.96
137.30	71.46
137.40	64.89
137.50	57.90
137.60	50.90
137.70	44.06
137.80	36.95
137.91	30.11
138.01	22.85
138.11	15.41
138.21	8.14
138.31	0.98
138.41	-6.07
138.51	-13.01
138.61	-20.11
138.71	-26.86
138.81	-33.37
138.91	-39.95
139.02	-46.50
139.12	-52.77
139.22	-58.79
139.32	-64.50
139.42	-70.02
139.52	-75.37
139.62	-80.85
139.72	-85.56
139.83	-90.08
139.93	-93.98
140.03	-97.63
140.13	-100.90
140.23	-103.95
140.33	-106.35
140.43	-109.04
140.53	-110.99
140.63	-112.44
140.73	-113.21
140.84	-114.10
140.94	-114.30
141.04	-114.43
141.14	-113.86
141.24	-112.67
141.34	-111.44
141.44	-109.61
141.54	-107.48
141.64	-105.26
141.75	-102.65
141.85	-99.61
141.95	-95.93
142.05	-92.39
142.15	-88.32
142.25	-84.00
142.35	-79.20
142.45	-73.99
142.55	-68.14
142.65	-62.38
142.76	-56.66
142.86	-50.73
142.96	-43.95
143.06	-37.60
143.16	-31.37
143.26	-24.45
143.36	-17.98
143.46	-11.58
143.56	-5.00
143.66	1.60
143.77	8.07
143.87	14.72
143.97	21.23
144.07	27.92
144.17	34.52
144.27	41.40
144.37	53.28
144.47	59.71
144.57	66.43
144.68	73.11
144.78	78.70
144.88	84.62
144.98	89.84
145.08	94.94
145.18	98.95
145.28	103.70
145.38	107.86
145.48	112.22
145.59	115.36
145.69	118.69
145.79	121.46
145.89	123.63
145.99	125.90
146.09	128.11
146.19	129.85
146.29	130.96
146.39	131.81
146.49	132.47
146.60	132.75
146.70	132.71
146.80	132.22
146.90	131.21
147.00	129.85
147.10	128.16
147.20	126.10
147.30	123.45
147.40	120.42
147.51	117.65
147.61	113.67
147.71	109.94
147.81	105.69
147.91	101.41
148.01	96.84
148.11	91.99
148.21	87.24
148.31	82.33
148.41	76.72
148.52	71.03
148.62	65.28
148.72	59.06
148.82	52.86
148.92	46.57
149.02	40.34
149.12	33.72
149.22	26.89
149.32	20.14
149.43	13.53
149.53	6.96
149.63	0.36
149.73	-5.91
149.83	-12.26
149.93	-18.75
150.03	-25.06
150.13	-31.06
150.23	-37.21
150.33	-42.85
150.44	-48.40
150.54	-53.88
150.64	-59.34
150.74	-64.37
150.84	-69.30
150.94	-73.74
151.04	-78.05
151.14	-82.15
151.24	-86.04
151.35	-89.49
151.45	-92.76
151.55	-95.53
151.65	-97.85
151.75	-100.06
151.85	-101.55
151.95	-102.73
152.05	-103.54
152.15	-103.86
152.25	-104.17
152.36	-103.96
152.46	-103.41
152.56	-102.44
152.66	-100.97
152.76	-99.07
152.86	-97.12
152.96	-95.01
153.06	-92.51
153.16	-89.79
153.27	-86.90
153.37	-83.30
153.47	-79.39
153.57	-75.92
153.67	-71.67
153.77	-67.09
153.87	-62.23
153.97	-57.02
154.07	-51.72
154.17	-45.79
154.27	-39.85
154.38	-33.85
154.48	-27.91
154.58	-22.02
154.68	-15.66
154.78	-9.28
154.88	-3.17
154.98	2.99
155.08	8.94
155.19	14.89
155.29	20.75
155.39	26.61
155.49	32.78
155.59	39.14
155.69	45.29
155.79	51.07
155.89	57.02
155.99	62.92
156.09	68.52
156.19	73.49
156.30	78.32
156.40	84.05
156.50	88.70
156.60	93.12
156.70	96.91
156.80	100.31
156.90	103.90
157.00	107.00
157.10	109.65
157.21	112.32
157.31	114.06
157.41	116.10
157.51	117.70
157.61	119.31
157.71	120.95
157.81	121.80
157.91	122.71
158.01	123.12
158.11	122.82
158.22	122.33
158.32	121.26
158.42	125.05
158.52	122.70
158.62	120.06
158.72	117.06
158.82	113.95
158.92	110.66
159.02	106.77
159.13	102.69
159.23	98.55
159.33	94.37
159.43	89.70
159.53	84.82
159.63	79.58
159.73	74.25
159.83	68.79
159.93	63.35
160.04	57.58
160.14	51.55
160.24	45.52
160.34	39.55
160.44	33.47
160.54	27.05
160.64	20.94
160.74	14.75
160.84	8.51
160.95	2.28
161.05	-3.98
161.15	-9.78
161.25	-15.79
161.35	-21.65
161.45	-27.47
161.55	-33.25
161.65	-38.68
161.75	-44.15
161.85	-48.84
161.95	-53.95
162.06	-58.80
162.16	-63.21
162.26	-67.25
162.36	-71.14
162.46	-75.13
162.56	-78.78
162.66	-81.84
162.76	-84.65
162.86	-87.31
162.97	-89.60
163.07	-91.32
163.17	-93.00
163.27	-94.25
163.37	-94.54
163.47	-95.21
163.57	-95.30
163.67	-95.14
163.77	-94.78
163.87	-93.94
163.98	-92.94
164.08	-91.65
164.18	-89.96
164.28	-83.22
164.38	-80.95
164.48	-78.21
164.58	-75.45
164.68	-72.67
164.78	-69.44
164.88	-65.87
164.99	-62.08
165.09	-58.07
165.19	-53.67
165.29	-48.98
165.39	-43.94
165.49	-39.09
165.59	-33.78
165.69	-28.69
165.79	-23.61
165.90	-17.98
166.00	-12.58
166.10	-7.20
166.20	-1.59
166.30	3.59
166.40	14.86
166.50	20.02
166.60	25.91
166.70	31.47
166.80	36.75
166.91	41.91
167.01	47.51
167.11	52.89
167.21	58.24
167.31	63.53
167.41	68.40
167.51	72.98
167.61	77.63
167.71	82.00
167.82	85.90
167.92	89.91
168.02	93.91
168.12	97.22
168.22	99.96
168.32	102.56
168.42	104.93
168.52	106.83
168.62	108.34
168.72	109.52
168.83	110.65
168.93	111.72
169.03	112.78
169.13	113.29
169.23	113.98
169.33	113.98
169.43	113.93
169.53	113.38
169.63	111.86
169.74	110.37
169.84	108.60
169.94	106.62
170.04	103.89
170.14	101.10
170.24	98.19
170.34	95.08
170.44	91.68
170.54	87.84
170.64	83.95
170.75	79.90
170.85	75.66
170.95	71.73
171.05	66.99
171.15	62.24
171.25	57.18
171.35	51.72
171.45	46.53
171.55	41.11
171.66	35.65
171.76	29.97
171.86	24.22
171.96	18.51
172.06	12.58
172.16	7.05
172.26	1.70
172.36	-3.83
172.46	-9.39
172.56	-14.57
172.66	-20.49
172.77	-25.72
172.87	-30.83
172.97	-35.14
173.07	-39.88
173.17	-44.64
173.27	-49.36
173.37	-53.89
173.47	-57.80
173.58	-61.61
173.68	-65.23
173.78	-68.56
173.88	-71.74
173.98	-74.75
174.08	-77.26
174.18	-79.65
174.28	-81.77
174.38	-83.68
174.48	-84.99
174.58	-86.14
174.69	-86.94
174.79	-87.39
174.89	-87.47
174.99	-87.40
175.09	-87.03
175.19	-86.03
175.29	-85.17
175.39	-84.07
175.49	-82.01
175.60	-80.31
175.70	-78.05
175.80	-75.54
175.90	-73.07
176.00	-70.01
176.10	-67.01
176.20	-63.51
176.30	-59.94
176.40	-55.89
176.50	-51.70
176.61	-47.56
176.71	-43.08
176.81	-38.18
176.91	-33.12
177.01	-28.41
177.11	-23.24
177.21	-18.18
177.31	-12.87
177.41	-7.73
177.52	-2.59
177.62	2.64
177.72	8.01
177.82	13.61
177.92	18.68
178.02	23.99
178.12	29.14
178.22	34.03
178.32	39.18
178.42	44.32
178.52	49.26
178.63	54.29
178.73	59.33
178.83	63.86
178.93	68.42
179.03	73.10
179.13	77.09
179.23	81.24
179.33	84.98
179.43	88.08
179.54	90.92
179.64	93.63
179.74	95.85
179.84	98.05
179.94	99.55
180.04	101.22
180.14	102.36
180.24	103.20
180.34	104.29
180.45	104.97
180.55	105.47
180.65	105.35
180.75	105.23
180.85	104.22
180.95	103.61
181.05	102.33
181.15	100.81
181.25	99.02
181.36	96.92
181.46	94.57
181.56	91.75
181.66	88.86
181.76	85.82
181.86	82.42
181.96	78.75
182.06	75.07
182.16	71.46
182.26	67.49
182.37	63.26
182.47	59.10
182.57	54.50
182.67	50.12
182.77	45.37
182.87	40.80
182.97	35.76
183.07	31.12
183.17	25.86
183.27	20.47
183.38	15.05
183.48	10.24
183.58	5.03
183.68	-0.17
183.78	-4.76
183.88	-10.17
183.98	-15.01
184.08	-19.71
184.18	-24.33
184.29	-29.01
184.38	-33.56
184.49	-37.88
184.59	-42.09
184.69	-46.13
184.79	-50.08
184.89	-53.77
184.99	-57.18
185.09	-60.23
185.19	-63.11
185.30	-66.11
185.40	-68.75
185.50	-71.07
185.60	-73.21
185.70	-75.30
185.80	-77.04
185.90	-75.33
186.00	-76.17
186.10	-76.91
186.21	-77.26
186.30	-77.25
186.41	-76.99
186.51	-76.19
186.61	-75.28
186.71	-74.27
186.81	-72.50
186.91	-70.88
187.01	-68.98
187.11	-66.88
187.21	-64.79
187.32	-62.20
187.42	-59.29
187.52	-56.33
187.62	-52.91
187.72	-49.21
187.82	-45.50
187.92	-41.58
188.02	-37.70
188.12	-33.36
188.23	-29.20
188.33	-24.39
188.43	-19.67
188.53	-14.83
188.63	-10.19
188.73	-5.18
188.83	-0.67
188.93	4.01
189.03	8.46
189.13	13.54
189.24	18.21
189.34	22.65
189.44	27.02
189.54	31.97
189.64	36.62
189.74	41.59
189.84	46.06
189.94	50.65
190.04	55.12
190.15	59.17
190.25	63.21
190.35	66.80
190.45	70.31
190.55	73.89
190.65	76.95
190.75	79.95
190.85	82.55
190.95	85.17
191.05	87.02
191.16	89.07
191.26	90.86
191.36	92.37
191.46	93.50
191.56	94.83
191.66	98.58
191.76	99.16
191.86	99.80
191.96	99.76
192.06	99.37
192.16	98.65
192.27	97.77
192.37	96.88
192.47	95.84
192.57	94.39
192.67	92.32
192.77	89.71
192.87	87.27
192.97	84.31
193.08	81.24
193.18	78.38
193.28	75.21
193.38	71.55
193.48	67.67
193.58	63.64
193.68	59.81
193.78	55.87
193.88	51.67
193.98	47.19
194.09	42.63
194.19	38.10
194.29	33.44
194.39	28.97
194.49	24.02
194.59	19.22
194.69	14.46
194.79	9.99
194.89	5.14
194.99	0.23
195.10	-4.58
195.20	-9.10
195.30	-13.55
195.40	-17.57
195.50	-21.94
195.60	-25.94
195.70	-30.10
195.80	-33.94
195.90	-37.74
196.00	-41.36
196.11	-44.79
196.21	-48.20
196.31	-51.39
196.41	-54.22
196.51	-57.01
196.61	-59.61
196.71	-62.13
196.81	-64.17
196.91	-65.86
197.02	-67.42
197.12	-68.65
197.22	-70.22
197.32	-71.11
197.42	-71.65
197.52	-72.07
197.62	-71.81
197.72	-71.47
197.82	-70.75
197.92	-70.46
198.03	-69.39
198.13	-68.07
198.23	-66.27
198.33	-64.60
198.43	-62.52
198.53	-60.30
198.63	-57.93
198.73	-55.44
198.83	-52.81
198.94	-49.32
199.04	-45.86
199.14	-42.56
199.24	-39.19
199.34	-34.98
199.44	-30.98
199.54	-26.88
199.64	-22.48
199.74	-18.11
199.84	-13.76
199.95	-9.67
200.05	-5.13
200.15	-3.08
200.25	1.13
200.35	5.42
200.45	9.75
200.55	14.21
200.65	18.75
200.75	23.06
200.85	27.56
200.96	31.93
201.06	36.69
201.16	41.25
201.26	45.59
201.36	49.81
201.46	53.97
201.56	57.82
201.66	61.43
201.76	64.86
201.87	67.62
201.97	70.88
202.07	73.44
202.17	76.12
202.27	77.96
202.37	80.06
202.47	81.91
202.57	83.67
202.67	84.98
202.77	86.23
202.87	87.27
202.98	88.11
203.08	88.70
203.18	89.02
203.28	89.57
203.38	89.44
203.48	88.97
203.58	88.52
203.68	87.49
203.78	85.97
203.88	84.17
203.99	81.81
204.09	80.02
204.19	77.77
204.29	75.48
204.39	72.71
204.49	70.17
204.59	67.36
204.69	64.39
204.79	61.17
204.90	57.77
205.00	54.13
205.10	50.67
205.20	47.24
205.30	43.28
205.40	39.11
205.50	34.66
205.60	30.72
205.70	26.44
205.80	22.37
205.91	18.00
206.01	13.45
206.11	9.03
206.21	4.82
206.31	0.73
206.41	-3.55
206.51	-7.73
206.61	-12.09
206.71	-16.04
206.82	-19.98
206.92	-23.78
207.02	-28.05
207.12	-31.39
207.22	-35.17
207.32	-38.76
207.42	-42.18
207.52	-45.17
207.62	-48.01
207.72	-51.06
207.83	-53.61
207.93	-55.83
208.03	-58.03
208.13	-59.78
208.23	-61.44
208.33	-62.92
208.43	-64.28
208.53	-65.41
208.63	-66.09
208.74	-66.29
208.84	-66.67
208.94	-66.69
209.04	-66.10
209.14	-65.65
209.24	-64.87
209.34	-63.97
209.44	-62.77
209.54	-61.54
209.64	-59.86
209.75	-58.07
209.85	-54.56
209.95	-52.68
210.05	-50.30
210.15	-47.69
210.25	-44.95
210.35	-41.50
210.45	-38.08
210.55	-34.92
210.66	-31.33
210.76	-27.81
210.86	-23.82
210.96	-20.08
211.06	-16.38
211.16	-12.56
211.26	-8.93
211.36	-4.88
211.46	-0.74
211.56	3.15
211.66	7.24
211.77	11.23
211.87	15.82
211.97	19.68
212.07	23.84
212.17	28.05
212.27	32.55
212.37	36.57
212.47	41.19
212.57	45.23
212.68	48.97
212.78	52.27
212.88	55.56
212.98	59.03
213.08	61.43
213.18	64.46
213.28	66.73
213.38	69.15
213.48	71.19
213.58	73.53
213.69	75.35
213.79	77.04
213.89	78.59
213.99	80.06
214.09	81.60
214.19	82.82
214.29	83.98
214.39	84.73
214.49	84.50
214.60	84.37
214.70	83.50
214.80	82.98
214.90	82.43
215.00	81.61
215.10	80.18
215.20	78.67
215.30	76.98
215.40	75.14
215.50	73.13
215.61	70.87
215.71	68.58
215.81	66.25
215.91	63.69
216.01	61.15
216.11	58.25
216.21	55.13
216.31	51.88
216.41	48.38
216.51	44.86
216.62	40.97
216.72	37.37
216.82	33.55
216.92	29.48
217.02	25.85
217.12	21.56
217.22	17.48
217.32	13.51
217.42	9.53
217.52	5.41
217.63	1.28
217.73	-2.63
217.83	-6.60
217.93	-10.17
218.03	-13.81
218.13	-17.62
218.23	-21.19
218.33	-24.73
218.43	-27.99
218.54	-34.19
218.64	-37.48
218.74	-40.46
218.84	-43.29
218.94	-45.87
219.04	-48.43
219.14	-50.66
219.24	-52.07
219.34	-53.97
219.45	-55.72
219.55	-56.69
219.65	-57.70
219.75	-58.77
219.85	-59.58
219.95	-60.10
220.05	-60.19
220.15	-60.43
220.25	-60.56
220.35	-60.28
220.45	-59.92
220.56	-59.27
220.66	-58.41
220.76	-57.64
220.86	-56.41
220.96	-55.09
221.06	-53.33
221.16	-51.32
221.26	-49.20
221.36	-46.59
221.47	-44.26
221.57	-41.55
221.67	-38.72
221.77	-35.78
221.87	-32.35
221.97	-28.78
222.07	-25.34
222.17	-21.92
222.27	-18.73
222.37	-16.04
222.48	-12.64
222.58	-8.81
222.68	-5.12
222.78	-1.11
222.88	2.70
222.98	6.71
223.08	10.28
223.18	14.66
223.28	18.93
223.38	22.88
223.49	26.74
223.59	30.60
223.69	34.32
223.79	37.85
223.89	41.61
223.99	45.78
224.09	48.89
224.19	52.20
224.29	55.19
224.40	58.03
224.50	60.88
224.60	63.03
224.70	65.38
224.80	67.96
224.90	69.96
225.00	72.22
225.10	74.26
225.20	75.84
225.30	77.05
225.41	78.35
225.51	78.98
225.61	79.78
225.71	80.04
225.81	80.19
225.91	80.13
226.01	80.07
226.11	79.42
226.21	78.80
226.32	77.76
226.42	77.17
226.52	75.71
226.62	74.18
226.72	72.77
226.82	70.88
226.92	68.99
227.02	66.84
227.12	64.54
227.22	62.22
227.33	59.41
227.43	56.69
227.53	53.85
227.63	50.96
227.73	47.56
227.83	44.33
227.93	40.77
228.03	37.13
228.13	33.32
228.24	29.56
228.34	25.48
228.44	21.95
228.54	18.01
228.64	14.46
228.74	10.58
228.84	6.85
228.94	3.26
229.04	-0.55
229.14	-4.32
229.24	-8.26
229.35	-11.69
229.45	-15.01
229.55	-18.46
229.65	-22.29
229.75	-25.57
229.85	-28.79
229.95	-31.70
230.05	-34.62
230.15	-37.24
230.26	-39.63
230.36	-42.04
230.46	-43.94
230.56	-46.00
230.66	-47.75
230.76	-49.26
230.86	-50.20
230.96	-51.34
231.06	-52.42
231.16	-53.15
231.27	-56.79
231.37	-57.15
231.47	-57.34
231.57	-57.43
231.67	-57.05
231.77	-57.15
231.87	-56.59
231.97	-55.61
232.07	-54.48
232.18	-53.06
232.27	-51.51
232.38	-49.73
232.48	-47.99
232.58	-45.85
232.68	-43.65
232.78	-41.22
232.88	-38.66
232.98	-35.73
233.08	-32.94
233.19	-30.14
233.29	-27.39
233.39	-24.27
233.49	-21.05
233.59	-18.00
233.69	-14.15
233.79	-10.84
233.89	-7.20
233.99	-3.74
234.09	-0.15
234.20	3.60
234.30	7.42
234.40	11.55
234.50	15.57
234.60	19.60
234.70	23.12
234.80	26.46
234.90	29.54
235.00	32.21
235.11	35.35
235.21	38.68
235.31	41.75
235.41	44.96
235.51	47.86
235.61	50.47
235.71	53.05
235.81	55.64
235.91	58.36
236.01	61.04
236.12	63.29
236.22	65.38
236.32	67.26
236.42	69.10
236.52	70.49
236.62	71.87
236.72	72.72
236.82	73.59
236.92	74.41
237.02	74.49
237.13	74.76
237.23	74.07
237.33	73.82
237.43	73.28
237.53	72.47
237.63	71.64
237.73	70.96
237.83	69.76
237.93	68.22
238.03	66.96
238.14	65.26
238.24	63.55
238.34	61.47
238.44	59.65
238.54	57.22
238.64	55.01
238.74	52.51
238.84	49.83
238.94	47.14
239.05	44.13
239.15	41.18
239.25	37.97
239.35	34.42
239.45	31.10
239.55	27.79
239.65	24.30
239.75	20.79
239.85	17.50
239.95	13.87
240.06	10.28
240.16	6.87
240.26	3.77
240.36	0.33
240.46	-2.93
240.56	-6.09
240.66	-9.43
240.76	-12.56
240.86	-15.83
240.96	-19.04
241.07	-22.09
241.17	-25.08
241.27	-27.68
241.37	-30.55
241.47	-33.02
241.57	-35.27
241.67	-37.65
241.77	-39.47
241.87	-41.25
241.98	-42.69
242.08	-44.15
242.18	-45.09
242.28	-46.34
242.38	-47.42
242.48	-48.10
242.58	-48.70
242.68	-49.01
242.78	-49.06
242.88	-49.11
242.99	-49.15
243.09	-48.59
243.19	-48.11
243.29	-47.66
243.39	-46.88
243.49	-45.78
243.59	-44.54
243.69	-41.57
243.79	-39.74
243.90	-38.15
244.00	-36.29
244.10	-34.23
244.20	-32.27
244.30	-29.85
244.40	-27.66
244.50	-25.28
244.60	-22.71
244.70	-20.23
244.80	-17.12
244.91	-14.16
245.01	-11.35
245.11	-8.39
245.21	-5.12
245.31	-1.86
245.41	1.63
245.51	5.05
245.61	9.05
245.71	12.10
245.81	15.64
245.91	18.86
246.02	21.92
246.12	24.82
246.22	27.98
246.32	30.93
246.42	33.63
246.52	36.35
246.62	38.53
246.72	41.01
246.82	43.56
246.93	46.13
247.03	48.87
247.13	51.58
247.23	53.95
247.33	56.10
247.43	58.05
247.53	60.30
247.63	62.53
247.73	63.80
247.84	64.86
247.94	65.87
248.04	66.58
248.14	67.00
248.24	67.60
248.34	67.72
248.44	67.93
248.54	68.04
248.64	67.63
248.74	67.35
248.85	66.83
248.95	66.74
249.05	66.41
249.15	65.39
249.25	64.27
249.35	63.30
249.45	61.79
249.55	60.20
249.65	58.39
249.75	56.42
249.86	54.10
249.96	51.89
250.06	49.30
250.16	46.68
250.26	44.10
250.36	41.14
250.46	38.34
250.56	35.32
250.66	32.45
250.77	29.43
250.87	26.21
250.97	23.40
251.07	20.33
251.17	17.16
251.27	14.05
251.37	10.85
251.47	7.66
251.57	4.48
251.67	1.45
251.78	-1.62
251.88	-4.79
251.98	-7.80
252.08	-10.81
252.18	-13.92
252.28	-16.72
252.38	-15.69
252.48	-18.25
252.58	-20.59
252.69	-22.86
252.79	-24.82
252.89	-26.83
252.99	-23.64
253.09	-25.80
253.19	-27.86
253.29	-30.02
253.39	-31.92
253.49	-34.07
253.59	-35.47
253.69	-37.05
253.80	-38.19
253.90	-38.88
254.00	-39.44
254.10	-40.07
254.20	-40.51
254.30	-40.54
254.40	-40.61
254.50	-40.18
254.60	-39.57
254.71	-38.99
254.81	-38.14
254.91	-36.99
255.01	-35.79
255.11	-34.60
255.21	-33.17
255.31	-31.51
255.41	-29.53
255.51	-27.51
255.61	-25.73
255.72	-24.00
255.82	-21.55
255.92	-19.32
256.02	-17.10
256.12	-14.45
256.22	-11.58
256.32	-8.85
256.42	-6.00
256.52	-2.80
256.63	0.14
256.73	3.23
256.83	6.22
256.93	9.31
257.03	12.59
257.13	15.81
257.23	18.67
257.33	21.94
257.43	24.59
257.53	27.11
257.64	29.66
257.74	32.32
257.84	35.16
257.94	37.50
258.04	39.97
258.14	42.48
258.24	44.95
258.34	47.55
258.44	50.03
258.54	52.13
258.65	54.12
258.75	56.46
258.85	57.64
258.95	59.41
259.05	60.79
259.15	61.35
259.25	62.33
259.35	63.16
259.45	63.51
259.55	63.93
259.66	64.28
259.76	64.22
259.86	64.16
259.96	64.40
260.06	64.58
260.16	64.00
260.26	63.50
260.36	62.58
260.46	61.30
260.57	60.08
260.67	59.13
260.77	57.82
260.87	56.38
260.97	54.66
261.07	52.93
261.17	50.83
261.27	48.89
261.37	46.70
261.48	44.31
261.58	42.00
261.68	39.55
261.78	37.27
261.88	35.16
261.98	32.40
262.08	29.48
262.18	26.00
262.28	23.30
262.38	20.49
262.48	17.96
262.59	15.17
262.69	12.21
262.79	9.35
262.89	6.38
262.99	3.31
263.09	0.25
263.19	-2.67
263.29	-5.38
263.39	-8.11
263.50	-10.81
263.60	-13.62
263.70	-16.04
263.80	-18.44
263.90	-20.51
264.00	-22.74
264.10	-24.60
264.20	-26.47
264.30	-28.40
264.40	-30.18
264.51	-32.02
264.61	-33.67
264.71	-35.03
264.81	-36.38
264.91	-37.46
265.01	-38.34
265.11	-38.92
265.21	-39.58
265.31	-39.75
265.41	-39.66
265.52	-39.68
265.62	-39.59
265.72	-39.01
265.82	-38.81
265.92	-48.32
266.02	-47.01
266.12	-45.66
266.22	-44.12
266.32	-42.52
266.42	-40.89
266.53	-39.00
266.63	-37.20
266.73	-35.34
266.83	-33.07
266.93	-30.77
267.03	-28.63
267.13	-25.95
267.23	-23.50
267.33	-20.72
267.44	-18.04
267.54	-14.54
267.64	-11.41
267.74	-8.84
267.84	-5.90
267.94	-2.85
268.04	0.49
268.14	3.37
268.24	6.55
268.35	9.47
268.45	12.35
268.55	15.08
268.65	17.78
268.75	20.14
268.85	22.48
268.95	25.06
269.05	27.30
269.15	29.34
269.25	32.02
269.36	34.57
269.46	37.59
269.56	40.16
269.66	42.40
269.76	45.03
269.86	47.23
269.96	49.17
270.06	50.66
270.16	52.33
270.26	53.96
270.36	55.11
270.47	56.06
270.57	57.01
270.67	57.66
270.77	58.32
270.87	58.81
270.97	58.97
271.07	59.32
271.17	58.70
271.27	58.87
271.38	58.62
271.48	58.74
271.58	58.46
271.68	57.83
271.78	57.34
271.88	56.72
271.98	55.49
272.08	54.11
272.18	52.66
272.29	50.97
272.39	49.03
272.49	47.22
272.59	45.31
272.69	43.25
272.79	40.84
272.89	38.64
272.99	36.46
273.09	34.14
273.20	31.68
273.30	29.50
273.40	27.02
273.50	24.72
273.60	22.04
273.70	19.78
273.80	17.24
273.90	14.48
274.00	11.91
274.10	9.16
274.20	6.20
274.31	3.49
274.41	0.67
274.51	-2.01
274.61	-4.51
274.71	-7.04
274.81	-9.54
274.91	-11.86
275.01	-14.27
275.11	-16.40
275.22	-18.13
275.32	-19.98
275.42	-21.63
275.52	-23.50
275.62	-25.17
275.72	-26.76
275.82	-28.67
275.92	-30.39
276.02	-31.47
276.12	-32.80
276.23	-33.76
276.33	-34.62
276.43	-35.49
276.53	-36.06
276.63	-36.01
276.73	-36.06
276.83	-35.96
276.93	-35.51
277.03	-35.08
277.13	-34.73
277.23	-34.24
277.34	-33.63
277.44	-32.85
277.54	-31.96
277.64	-30.86
277.74	-29.67
277.84	-28.18
277.94	-26.77
278.04	-24.19
278.14	-22.73
278.25	-21.19
278.35	-19.43
278.45	-17.36
278.55	-15.64
278.65	-13.51
278.75	-11.08
278.85	-8.28
278.95	-5.77
279.05	-3.08
279.16	-0.47
279.26	2.05
279.36	4.10
279.46	6.64
279.56	9.31
279.66	11.75
279.76	14.56
279.86	16.83
279.96	19.49
280.07	18.41
280.17	20.79
280.27	23.40
280.37	26.18
280.47	28.72
280.57	31.39
280.67	33.62
280.77	36.29
280.87	38.57
280.97	40.79
281.07	43.16
281.18	45.00
281.28	46.80
281.38	48.31
281.48	49.64
281.58	50.86
281.68	51.72
281.78	52.53
281.88	53.35
281.98	54.04
282.08	54.74
282.19	55.30
282.29	55.53
282.39	56.36
282.49	56.69
282.59	56.55
282.69	56.73
282.79	56.74
282.89	56.15
282.99	55.40
283.10	54.73
283.20	53.59
283.30	52.81
283.40	51.47
283.50	49.90
283.60	48.65
283.70	44.27
283.80	42.66
283.90	41.27
284.01	36.91
284.11	35.06
284.21	33.16
284.31	31.30
284.41	29.69
284.51	27.45
284.61	25.08
284.71	23.23
284.81	21.21
284.91	18.95
285.02	16.76
285.12	14.52
285.22	12.19
285.32	9.58
285.42	7.10
285.52	4.45
285.62	1.88
285.72	-0.72
285.82	-3.03
285.92	-5.18
286.02	-7.32
286.13	-9.21
286.23	-11.24
286.33	-13.53
286.43	-15.61
286.53	-17.48
286.63	-19.10
286.73	-20.90
286.83	-22.50
286.94	-24.08
287.04	-25.47
287.14	-26.80
287.24	-27.96
287.34	-29.66
287.44	-30.78
287.54	-31.59
287.64	-32.36
287.74	-32.74
287.84	-33.25
287.95	-33.44
288.05	-33.52
288.15	-33.59
288.25	-33.41
288.35	-32.89
288.45	-32.55
288.55	-32.77
288.65	-32.28
288.75	-31.62
288.86	-30.74
288.95	-29.70
289.06	-28.62
289.16	-26.54
289.26	-25.31
289.36	-23.89
289.46	-22.35
289.56	-20.83
289.66	-19.04
289.76	-16.94
289.86	-14.74
289.97	-12.60
290.07	-10.27
290.17	-7.76
290.27	-5.37
290.37	3.00
290.47	5.55
290.57	7.27
290.67	8.76
290.77	10.72
290.88	12.68
290.98	14.65
291.08	17.02
291.18	19.17
291.28	21.21
291.38	23.40
291.48	25.38
291.58	27.51
291.68	29.98
291.78	32.58
291.89	35.00
291.99	37.00
292.09	39.15
292.19	41.20
292.29	43.39
292.39	45.12
292.49	46.36
292.59	47.44
292.69	48.92
292.79	49.87
292.89	50.63
293.00	51.50
293.10	52.27
293.20	53.26
293.30	53.65
293.40	54.07
293.50	54.61
293.60	54.73
293.70	54.89
293.80	55.50
293.91	55.38
294.01	55.26
294.11	54.84
294.21	54.35
294.31	53.73
294.41	52.70
294.51	51.86
294.61	50.67
294.71	49.39
294.82	47.67
294.92	46.28
295.02	44.72
295.12	43.13
295.22	41.98
295.32	40.38
295.42	38.46
295.52	36.39
295.62	34.42
295.73	32.35
295.83	30.38
295.93	28.46
296.03	26.04
296.13	23.73
296.23	21.30
296.33	18.98
296.43	21.13
296.53	18.73
296.63	15.54
296.73	12.96
296.84	10.32
296.94	8.30
297.04	5.63
297.14	3.25
297.24	0.84
297.34	-1.20
297.44	-3.54
297.54	-5.81
297.64	-7.92
297.75	-9.78
297.85	-11.99
297.95	-13.99
298.05	-15.94
298.15	-17.74
298.25	-19.61
298.35	-21.43
298.45	-21.85
298.55	-23.16
298.65	-24.50
298.76	-25.38
298.86	-26.11
298.96	-27.05
299.06	-27.65
299.16	-28.17
299.26	-28.41
299.36	-28.74
299.46	-28.40
299.56	-28.23
299.67	-28.32
299.77	-27.75
299.87	-27.42
299.97	-27.00
300.07	-26.40
300.17	-25.83
300.27	-25.09
300.37	-24.18
300.47	-22.87
300.57	-21.48
300.67	-20.40
300.78	-19.03
300.88	-17.23
300.98	-15.62
301.08	-13.84
301.18	-11.90
301.28	-10.05
301.38	-7.85
301.48	-5.96
301.58	-3.91
301.69	-1.96
301.79	0.13
301.89	2.23
301.99	4.62
302.09	6.58
302.19	8.41
302.29	10.49
302.39	12.96
302.49	15.06
302.60	17.21
302.70	19.60
302.80	22.02
302.90	24.42
303.00	27.05
303.10	29.20
303.20	31.54
303.30	33.06
303.40	34.96
303.50	36.56
303.60	38.08
303.71	39.68
303.81	40.99
303.91	42.19
304.01	43.43
304.11	44.41
304.21	45.59
304.31	46.96
304.41	48.01
304.51	49.31
304.61	50.20
304.72	51.09
304.82	51.38
304.92	51.81
305.02	52.62
305.12	52.74
305.22	52.65
305.32	52.52
305.42	51.90
305.52	51.30
305.63	50.54
305.73	49.51
305.83	48.68
305.93	47.75
306.03	46.51
306.13	45.44
306.23	44.41
306.33	43.54
306.43	42.02
306.54	40.52
306.64	38.79
306.74	37.25
306.84	35.64
306.94	33.91
307.04	32.21
307.14	30.25
307.24	27.94
307.34	25.89
307.44	23.75
307.55	21.26
307.65	19.05
307.75	17.19
307.85	14.78
307.95	12.54
308.05	10.42
308.15	8.20
308.25	6.04
308.35	3.89
308.45	2.04
308.55	-0.06
308.66	-2.06
308.76	-4.06
308.86	-6.00
308.96	-7.95
309.06	-9.65
309.16	-11.27
309.26	-12.96
309.36	-14.56
309.47	-16.33
309.57	-17.72
309.67	-19.08
309.77	-20.23
309.87	-21.11
309.97	-21.96
310.07	-23.01
310.17	-23.36
310.27	-23.94
310.37	-24.50
310.48	-25.17
310.58	-25.26
310.68	-25.40
310.78	-25.48
310.88	-25.56
310.98	-25.53
311.08	-25.35
311.18	-25.08
311.28	-24.68
311.39	-23.70
311.48	-23.16
311.59	-22.25
311.69	-21.39
311.79	-20.32
311.89	-18.95
311.99	-17.66
312.09	-16.37
312.19	-14.56
312.29	-13.18
312.39	-11.52
312.50	-10.04
312.60	-8.29
312.70	-6.48
312.80	-4.65
312.90	-2.92
313.00	-1.27
313.10	0.69
313.20	2.51
313.30	4.38
313.41	6.56
313.51	8.48
313.61	10.61
313.71	12.83
313.81	15.09
313.91	17.38
314.01	19.46
314.11	21.64
314.21	23.66
314.31	25.48
314.42	26.55
314.52	28.32
314.62	29.91
314.72	31.46
314.82	33.34
314.92	34.82
315.02	36.23
315.12	37.42
315.22	38.80
315.32	39.76
315.42	40.87
315.53	42.18
315.63	43.22
315.73	44.16
315.83	45.35
315.93	46.08
316.03	46.53
316.13	47.20
316.23	47.74
316.33	47.95
316.44	47.81
316.54	47.67
316.64	47.53
316.74	47.16
316.84	46.50
316.94	45.87
317.04	45.18
317.14	44.42
317.24	43.70
317.35	43.01
317.45	41.61
317.55	40.93
317.65	39.89
317.75	38.84
317.85	37.65
317.95	36.12
318.05	34.51
318.15	32.99
318.26	31.34
318.36	29.47
318.46	27.80
318.56	25.96
318.66	24.11
318.76	22.05
318.86	20.35
318.96	18.38
319.06	16.36
319.16	14.40
319.27	12.43
319.37	10.70
319.47	8.67
319.57	6.79
319.67	4.95
319.77	3.15
319.87	1.34
319.97	-0.38
320.07	-2.46
320.17	-4.43
320.27	-6.21
320.38	-8.05
320.48	-9.80
320.58	-11.31
320.68	-12.99
320.78	-14.49
320.88	-15.52
320.98	-15.99
321.08	-16.94
321.18	-17.95
321.29	-18.85
321.39	-19.46
321.49	-19.98
321.59	-20.58
321.69	-20.91
321.79	-21.36
321.89	-21.29
321.99	-21.48
322.09	-21.65
322.20	-25.87
322.30	-25.68
322.40	-25.39
322.50	-25.22
322.60	-24.71
322.70	-24.03
322.80	-23.18
322.90	-22.02
323.00	-20.77
323.10	-19.68
323.20	-18.19
323.31	-17.03
323.41	-15.53
323.51	-14.11
323.61	-13.00
323.71	-11.70
323.81	-10.22
323.91	-8.45
324.01	-6.98
324.11	-5.38
324.22	-4.21
324.32	-2.55
324.42	-0.93
324.52	1.32
324.62	3.25
324.72	6.09
324.82	7.79
324.92	10.10
325.02	12.24
325.13	14.33
325.23	16.56
325.33	18.59
325.43	20.71
325.53	22.77
325.63	24.48
325.73	26.06
325.83	27.36
325.93	28.74
326.03	30.30
326.13	31.64
326.24	32.95
326.34	34.71
326.44	36.07
326.54	37.37
326.64	38.55
326.74	39.62
