1492.52	519.14
1492.62	518.78
1492.72	518.49
1492.83	518.72
1492.93	518.63
1493.03	518.55
1493.13	518.37
1493.23	518.20
1493.33	518.79
1493.43	518.60
1493.53	518.37
1493.64	518.20
1493.74	518.29
1493.84	518.38
1493.94	518.21
1494.04	518.15
1494.14	518.29
1494.24	517.88
1494.34	517.73
1494.44	517.80
1494.55	518.01
1494.65	517.51
1494.75	517.73
1494.85	518.15
1494.95	518.49
1495.05	518.41
1495.15	518.59
1495.25	518.66
0.00	-70.40
0.10	-82.98
0.20	-66.58
0.30	-53.20
0.40	-45.79
0.50	-36.70
0.61	-29.92
0.70	-24.77
0.81	-21.53
0.91	-20.36
1.01	-20.69
1.11	-22.90
1.21	-26.76
1.31	-31.92
1.41	-38.32
1.51	-46.26
1.61	-55.35
1.72	-65.33
1.82	-76.16
1.92	-87.75
2.02	-100.12
2.12	-113.11
2.22	-126.50
2.32	-139.93
2.42	-153.78
2.52	-167.94
2.62	-181.95
2.72	-195.85
2.83	-209.91
2.93	-223.81
3.03	-236.62
3.13	-249.29
3.23	-261.33
3.33	-272.66
3.43	-283.33
3.53	-293.01
3.63	-302.36
3.74	-310.74
3.84	-318.30
3.94	-324.99
4.04	-331.19
4.14	-335.78
4.24	-339.39
4.34	-342.07
4.44	-343.77
4.54	-343.73
4.64	-342.64
4.75	-340.61
4.84	-337.33
4.95	-332.56
5.05	-326.79
5.15	-319.70
5.25	-311.56
5.35	-301.93
5.45	-290.99
5.55	-279.34
5.65	-266.32
5.75	-252.60
5.86	-237.82
5.96	-221.93
6.06	-205.19
6.16	-187.93
6.26	-170.03
6.36	-150.93
6.46	-131.28
6.56	-110.87
6.66	-90.08
6.76	-69.17
6.86	-48.16
6.97	-26.85
7.07	-5.76
7.17	15.43
7.27	36.10
7.37	56.90
7.47	77.70
7.57	97.47
7.67	116.80
7.77	135.06
7.88	153.15
7.98	170.75
8.08	187.31
8.18	203.09
8.28	217.99
8.38	232.09
8.48	245.68
8.58	258.30
8.68	269.49
8.78	279.76
8.89	288.67
8.99	296.34
9.09	303.27
9.19	308.16
9.29	311.95
9.39	314.45
9.49	315.63
9.59	315.10
9.69	313.34
9.79	309.78
9.89	305.59
10.00	300.06
10.10	292.61
10.20	284.38
10.30	275.26
10.40	264.44
10.50	252.92
10.60	240.53
10.70	227.85
10.80	213.16
10.90	197.75
11.01	181.66
11.11	164.43
11.21	146.21
11.31	127.80
11.41	108.51
11.51	88.73
11.61	68.99
11.71	48.65
11.81	28.46
11.92	8.14
12.02	-12.12
12.12	-32.11
12.22	-51.91
12.32	-71.21
12.42	-90.50
12.52	-109.22
12.62	-127.16
12.72	-144.71
12.82	-161.87
12.93	-177.63
13.03	-193.15
13.13	-207.89
13.23	-221.49
13.33	-233.87
13.43	-246.08
13.53	-256.77
13.63	-265.88
13.73	-274.59
13.84	-281.91
13.94	-287.56
14.04	-292.29
14.14	-295.82
14.24	-297.73
14.34	-298.84
14.44	-298.85
14.54	-297.11
14.64	-294.00
14.74	-289.70
14.85	-284.32
14.95	-277.35
15.05	-268.98
15.15	-259.84
15.25	-249.09
15.35	-237.39
15.45	-224.77
15.55	-210.93
15.65	-196.23
15.76	-180.82
15.85	-164.38
15.96	-147.06
16.06	-129.06
16.16	-110.76
16.26	-91.87
16.36	-72.03
16.46	-52.67
16.56	-32.14
16.66	-11.58
16.76	8.75
16.87	29.16
16.97	49.70
17.07	69.57
17.17	89.54
17.27	108.71
17.37	127.12
17.47	150.72
17.57	167.43
17.67	183.96
17.77	200.06
17.87	215.21
17.98	229.70
18.08	248.16
18.18	260.16
18.28	271.30
18.38	281.48
18.48	290.41
18.58	298.64
18.68	305.66
18.78	311.27
18.89	316.31
18.99	319.64
19.09	321.66
19.19	322.08
19.29	321.63
19.39	319.14
19.49	314.79
19.59	310.25
19.69	303.89
19.79	296.24
19.90	287.48
20.00	277.60
20.10	266.27
20.20	254.26
20.30	241.55
20.40	227.32
20.50	212.15
20.60	196.15
20.70	179.49
20.81	159.01
20.91	141.26
21.01	122.45
21.11	104.08
21.21	84.77
21.31	65.29
21.41	45.37
21.51	25.75
21.61	5.97
21.71	-14.18
21.82	-34.37
21.92	-53.16
22.02	-72.40
22.12	-91.53
22.22	-109.85
22.32	-127.36
22.42	-144.84
22.52	-161.40
22.62	-177.23
22.72	-192.37
22.83	-206.85
22.93	-220.16
23.03	-232.75
23.13	-242.11
23.23	-252.31
23.33	-261.64
23.43	-270.11
23.53	-277.10
23.63	-282.90
23.74	-287.90
23.84	-291.26
23.94	-293.29
24.04	-293.53
24.14	-293.35
24.24	-291.54
24.34	-288.26
24.44	-284.15
24.54	-278.19
24.64	-271.18
24.75	-263.37
24.85	-254.10
24.95	-243.10
25.05	-231.64
25.15	-218.96
25.25	-205.41
25.35	-190.54
25.45	-175.61
25.55	-159.03
25.65	-141.33
25.76	-124.17
25.86	-105.86
25.96	-86.96
26.06	-67.97
26.16	-48.42
26.26	-28.35
26.36	-8.18
26.46	11.88
26.56	32.14
26.67	52.13
26.77	71.92
26.87	91.18
26.97	110.32
27.07	129.05
27.17	146.60
27.27	163.32
27.37	179.80
27.47	195.16
27.57	210.25
27.67	224.24
27.78	237.03
27.88	249.03
27.98	260.93
28.08	271.23
28.18	280.52
28.28	289.14
28.38	296.69
28.48	302.55
28.58	307.77
28.69	310.79
28.79	312.20
28.89	312.74
28.99	312.00
29.09	309.95
29.19	305.70
29.29	300.92
29.39	294.57
29.49	286.84
29.59	278.45
29.70	268.63
29.80	257.60
29.90	245.72
30.00	233.03
30.10	219.63
30.20	204.90
30.30	189.60
30.40	173.17
30.50	155.86
30.61	138.32
30.71	119.90
30.81	100.76
30.91	81.87
31.01	62.38
31.11	42.26
31.21	22.65
31.31	2.41
31.41	-17.11
31.51	-37.00
31.62	-56.40
31.72	-75.58
31.82	-94.40
31.92	-112.33
32.02	-129.97
32.12	-146.72
32.22	-163.13
32.32	-178.47
32.42	-193.40
32.53	-207.88
32.63	-220.99
32.73	-233.09
32.83	-244.38
32.93	-254.41
33.03	-263.09
33.13	-271.29
33.23	-277.97
33.33	-283.58
33.43	-287.90
33.54	-291.15
33.64	-292.69
33.74	-293.71
33.84	-293.17
33.94	-290.92
34.04	-287.47
34.14	-283.05
34.24	-276.79
34.34	-269.50
34.45	-261.43
34.54	-251.71
34.65	-240.82
34.75	-229.28
34.85	-216.77
34.95	-202.93
35.05	-187.78
35.15	-172.64
35.25	-156.11
35.35	-138.21
35.45	-121.05
35.56	-102.84
35.66	-83.50
35.76	-64.58
35.86	-44.95
35.96	-25.10
36.06	-5.34
36.16	14.57
36.26	34.59
36.36	54.36
36.47	73.45
36.57	92.57
36.67	111.85
36.77	129.75
36.87	147.17
36.97	164.16
37.07	179.85
37.17	194.76
37.27	209.27
37.37	223.31
37.47	236.14
37.58	248.73
37.68	259.75
37.78	269.61
37.88	279.13
37.98	287.57
38.08	294.34
38.18	299.38
38.28	304.31
38.38	307.59
38.49	309.11
38.59	309.21
38.69	308.65
38.79	305.16
38.89	301.11
38.99	296.40
39.09	289.93
39.19	282.38
39.29	273.66
39.40	264.23
39.50	253.12
39.60	241.36
39.70	228.80
39.80	214.96
39.90	200.21
40.00	184.95
40.10	168.50
40.20	151.33
40.30	133.76
40.41	118.97
40.51	99.47
40.61	80.50
40.71	61.47
40.81	42.15
40.91	22.39
41.01	2.77
41.11	-16.97
41.21	-36.47
41.31	-55.24
41.42	-74.13
41.52	-93.08
41.62	-110.77
41.72	-128.48
41.82	-145.46
41.92	-161.84
42.02	-177.14
42.12	-191.89
42.22	-205.39
42.32	-218.02
42.43	-230.22
42.53	-241.46
42.63	-251.14
42.73	-259.93
42.83	-267.93
42.93	-274.19
43.03	-278.98
43.13	-283.48
43.23	-286.21
43.34	-287.54
43.44	-288.07
43.54	-287.16
43.64	-284.76
43.74	-281.27
43.84	-276.70
43.94	-270.52
44.04	-263.39
44.14	-255.22
44.24	-245.86
44.35	-234.72
44.45	-223.23
44.55	-210.32
44.65	-196.56
44.75	-181.98
44.85	-169.08
44.95	-152.78
45.05	-135.99
45.15	-118.44
45.25	-99.92
45.36	-80.92
45.46	-61.72
45.56	-42.49
45.66	-22.51
45.76	-3.24
45.86	16.67
45.96	36.64
46.06	56.31
46.16	75.24
46.27	93.98
46.37	112.63
46.47	130.05
46.57	147.45
46.67	164.43
46.77	179.70
46.87	194.47
46.97	209.35
47.07	223.13
47.17	235.62
47.28	247.19
47.38	258.18
47.48	267.87
47.58	276.83
47.68	284.54
47.78	290.51
47.88	295.73
47.98	300.50
48.08	303.02
48.18	304.12
48.29	304.67
48.39	303.63
48.49	300.95
48.59	297.15
48.69	292.00
48.79	285.25
48.89	277.38
48.99	269.46
49.09	259.14
49.20	248.43
49.30	237.71
49.40	225.08
49.50	211.17
49.60	196.46
49.70	180.89
49.80	164.35
49.90	147.13
50.00	129.62
50.10	111.64
50.21	92.96
50.31	74.46
50.41	55.24
50.51	35.83
50.61	16.69
50.71	-2.60
50.81	-22.27
50.91	-41.11
51.01	-59.70
51.11	-78.52
51.22	-96.69
51.31	-114.11
51.42	-131.45
51.52	-148.13
51.62	-163.82
51.72	-178.88
51.82	-193.69
51.92	-207.40
52.02	-219.63
52.12	-231.40
52.22	-241.88
52.33	-251.14
52.43	-259.48
52.53	-267.01
52.63	-272.90
52.73	-277.86
52.83	-282.22
52.93	-284.61
53.03	-285.48
53.13	-285.65
53.24	-284.62
53.34	-281.99
53.44	-278.44
53.54	-273.42
53.64	-267.00
53.74	-259.55
53.84	-251.17
53.94	-241.11
54.04	-230.20
54.15	-218.69
54.25	-205.86
54.35	-191.72
54.45	-177.58
54.55	-162.20
54.65	-146.39
54.75	-129.57
54.85	-112.24
54.95	-94.18
55.05	-75.37
55.15	-56.45
55.26	-37.18
55.36	-17.37
55.46	1.90
55.56	21.45
55.66	41.08
55.76	60.38
55.86	78.61
55.96	97.63
56.06	115.49
56.17	132.47
56.27	149.10
56.37	165.04
56.47	180.39
56.57	195.37
56.67	209.75
56.77	222.91
56.87	235.37
56.97	247.05
57.07	257.70
57.18	267.36
57.28	276.24
57.38	283.73
57.48	289.55
57.58	294.57
57.68	298.24
57.78	300.23
57.88	301.37
57.98	301.15
58.09	299.24
58.19	296.03
58.29	291.83
58.39	286.19
58.49	279.63
58.59	272.00
58.69	263.50
58.79	253.62
58.89	242.84
58.99	231.55
59.10	218.62
59.20	204.79
59.30	190.15
59.40	175.04
59.50	158.79
59.60	141.70
59.70	124.42
59.80	106.09
59.90	87.39
60.00	69.27
60.11	50.46
60.21	31.08
60.31	12.23
60.41	-6.63
60.51	-25.65
60.61	-44.32
60.71	-62.60
60.81	-80.87
60.91	-98.73
61.02	-115.99
61.12	-133.04
61.22	-149.44
61.32	-164.82
61.42	-179.48
61.52	-193.60
61.62	-206.32
61.72	-218.11
61.82	-229.70
61.92	-239.57
62.02	-248.84
62.13	-257.15
62.23	-264.19
62.33	-269.63
62.43	-274.60
62.53	-278.27
62.63	-280.60
62.73	-281.97
62.83	-281.88
62.93	-280.18
63.04	-277.42
63.14	-273.45
63.24	-268.28
63.34	-261.62
63.44	-254.53
63.54	-246.01
63.64	-235.86
63.74	-225.06
63.84	-213.71
63.94	-200.78
64.05	-186.89
64.15	-172.74
64.25	-157.36
64.35	-140.99
64.45	-124.64
64.55	-107.06
64.65	-88.90
64.75	-70.21
64.85	-51.70
64.95	-32.61
65.05	-13.23
65.16	5.93
65.26	23.03
65.36	42.23
65.46	61.12
65.56	79.06
65.66	97.61
65.76	114.83
65.86	131.69
65.96	148.60
66.07	164.42
66.17	179.25
66.27	193.74
66.37	207.80
66.47	220.66
66.57	232.78
66.67	244.54
66.77	254.91
66.87	264.17
66.97	273.11
67.08	280.20
67.18	286.19
67.28	290.88
67.38	294.59
67.48	296.71
67.58	297.32
67.68	296.71
67.78	293.97
67.88	291.02
67.99	286.72
68.09	280.89
68.19	274.34
68.29	266.13
68.39	257.32
68.49	247.30
68.59	236.69
68.69	225.10
68.79	212.15
68.89	198.64
69.00	184.56
69.10	169.18
69.20	152.72
69.30	136.29
69.40	118.87
69.50	100.98
69.60	82.93
69.70	64.63
69.80	46.00
69.90	27.30
70.01	8.59
70.11	-10.39
70.21	-29.22
70.31	-47.26
70.41	-65.60
70.51	-84.02
70.61	-101.72
70.71	-118.88
70.81	-135.54
70.91	-151.51
71.02	-166.49
71.12	-180.91
71.22	-194.47
71.32	-206.74
71.42	-218.41
71.52	-229.34
71.62	-239.02
71.72	-247.82
71.82	-255.53
71.93	-262.05
72.03	-267.35
72.13	-272.08
72.23	-274.98
72.33	-276.58
72.43	-277.55
72.53	-277.17
72.63	-275.41
72.73	-272.44
72.83	-268.67
72.94	-263.49
73.04	-256.76
73.14	-249.42
73.24	-240.50
73.34	-230.43
73.44	-219.91
73.54	-208.16
73.64	-195.35
73.74	-181.84
73.84	-167.74
73.95	-152.66
74.05	-136.37
74.15	-119.95
74.25	-102.71
74.35	-84.92
74.45	-66.83
74.55	-47.83
74.65	-29.04
74.75	-9.99
74.86	9.06
74.96	27.96
75.06	46.41
75.16	64.39
75.26	82.77
75.36	100.98
75.46	118.08
75.56	134.43
75.66	150.76
75.76	165.52
75.87	180.49
75.97	194.67
76.07	208.53
76.17	221.31
76.27	233.19
76.37	244.63
76.47	254.35
76.57	263.78
76.67	271.84
76.77	279.10
76.88	284.45
76.98	288.97
77.08	292.03
77.18	293.67
77.28	294.34
77.38	293.97
77.48	297.02
77.58	293.92
77.68	289.23
77.79	279.42
77.89	272.45
77.99	264.57
78.09	255.54
78.19	245.42
78.29	235.05
78.39	222.84
78.49	209.65
78.59	196.07
78.69	181.67
78.79	166.08
78.90	149.88
79.00	133.43
79.10	116.06
79.20	98.46
79.30	80.74
79.40	62.40
79.50	43.78
79.60	25.24
79.70	6.88
79.81	-11.92
79.91	-30.17
80.01	-48.56
80.11	-67.08
80.21	-84.78
80.31	-101.54
80.41	-118.86
80.51	-135.62
80.61	-151.09
80.71	-165.88
80.82	-180.59
80.92	-193.71
81.02	-205.63
81.12	-216.89
81.22	-227.65
81.32	-237.27
81.42	-246.00
81.52	-253.10
81.62	-259.35
81.72	-264.63
81.83	-269.05
81.93	-272.20
82.03	-273.74
82.13	-274.40
82.23	-273.83
82.33	-271.89
82.43	-269.04
82.53	-266.94
82.63	-260.94
82.74	-254.00
82.84	-246.35
82.94	-237.18
83.04	-227.22
83.14	-216.06
83.24	-204.26
83.34	-191.14
83.44	-177.79
83.54	-163.40
83.64	-148.08
83.75	-131.97
83.85	-115.63
83.95	-98.34
84.05	-81.13
84.15	-63.47
84.25	-44.70
84.35	-25.86
84.45	-7.12
84.55	11.74
84.65	30.25
84.76	48.74
84.86	66.35
84.96	84.38
85.06	102.16
85.16	120.41
85.26	136.99
85.36	152.29
85.46	167.27
85.56	181.51
85.66	195.68
85.77	208.75
85.87	220.81
85.97	232.17
86.07	242.76
86.17	252.37
86.27	261.21
86.37	268.50
86.47	274.72
86.57	279.48
86.68	284.46
86.78	287.14
86.88	288.53
86.98	289.35
87.08	288.49
87.18	285.91
87.28	281.27
87.38	277.10
87.48	271.35
87.58	264.58
87.69	256.85
87.79	247.76
87.89	237.67
87.99	226.79
88.09	214.95
88.19	201.95
88.29	188.70
88.39	174.52
88.50	158.69
88.59	142.76
88.70	126.37
88.80	109.80
88.90	92.41
89.00	74.79
89.10	56.65
89.20	38.32
89.30	19.90
89.40	1.66
89.50	-16.78
89.61	-30.34
89.71	-48.92
89.81	-66.87
89.91	-84.48
90.01	-101.26
90.11	-118.19
90.21	-134.03
90.31	-149.18
90.41	-163.87
90.51	-178.18
90.61	-191.17
90.72	-203.51
90.82	-215.24
90.92	-225.37
91.02	-234.31
91.12	-242.74
91.22	-250.35
91.32	-256.19
91.42	-261.38
91.52	-265.31
91.63	-267.84
91.73	-269.05
91.83	-269.70
91.93	-268.81
92.03	-266.77
92.13	-263.68
92.23	-258.85
92.33	-252.96
92.43	-246.46
92.54	-238.54
92.64	-229.41
92.74	-218.99
92.84	-208.04
92.94	-196.19
93.04	-183.13
93.14	-170.07
93.24	-155.67
93.34	-140.73
93.44	-124.95
93.55	-108.55
93.65	-90.97
93.75	-73.17
93.85	-55.62
93.95	-37.28
94.05	-18.67
94.15	-0.34
94.25	18.08
94.35	36.68
94.45	55.04
94.56	73.14
94.66	90.58
94.76	107.90
94.86	124.76
94.96	141.22
95.06	156.91
95.16	171.31
95.26	185.35
95.36	199.08
95.46	211.38
95.57	223.36
95.67	234.54
95.77	244.46
95.87	253.59
95.97	262.41
96.07	269.39
96.17	275.37
96.27	281.00
96.37	285.05
96.48	287.25
96.58	288.64
96.68	288.85
96.78	287.56
96.88	284.83
96.98	280.99
97.08	274.69
97.18	268.71
97.28	261.52
97.38	253.10
97.48	243.79
97.59	233.90
97.69	219.06
97.79	207.25
97.89	194.64
97.99	181.36
98.09	166.89
98.19	151.70
98.29	136.66
98.39	120.08
98.50	103.32
98.60	85.71
98.70	68.42
98.80	50.65
98.90	32.37
99.00	14.85
99.10	-3.49
99.20	-21.72
99.30	-39.38
99.40	-57.06
99.51	-74.51
99.61	-91.53
99.71	-108.11
99.81	-124.30
99.91	-139.99
100.01	-154.74
100.11	-168.85
100.21	-182.51
100.31	-195.68
100.41	-207.80
100.52	-218.91
100.62	-228.66
100.72	-237.58
100.82	-245.55
100.92	-252.27
101.02	-257.36
101.12	-261.69
101.22	-265.26
101.32	-267.14
101.43	-268.44
101.53	-268.37
101.63	-266.95
101.73	-264.80
101.83	-261.21
101.93	-256.50
102.03	-250.42
102.13	-243.60
102.23	-235.67
102.34	-226.54
102.44	-216.36
102.54	-205.09
102.64	-192.99
102.74	-180.54
102.84	-167.31
102.94	-152.85
103.04	-137.70
103.14	-121.82
103.25	-105.43
103.35	-88.66
103.45	-71.37
103.55	-53.56
103.65	-35.33
103.75	-17.06
103.85	1.29
103.95	19.33
104.05	37.71
104.15	55.73
104.26	72.89
104.36	90.49
104.46	106.97
104.56	123.57
104.66	139.84
104.76	154.55
104.86	169.57
104.96	184.14
105.06	197.79
105.16	210.25
105.27	221.99
105.37	233.04
105.47	243.13
105.57	252.53
105.67	260.55
105.77	266.87
105.87	272.48
105.97	276.96
106.08	280.41
106.18	282.09
106.28	282.98
106.38	282.58
106.48	281.05
106.58	278.70
106.68	275.52
106.78	270.84
106.88	264.60
106.906.97.47
107.09	248.95
107.19	239.50
107.29	229.62
107.39	218.39
107.49	206.62
107.59	193.84
107.69	180.00
107.79	165.60
107.89	150.22
108.00	134.56
108.10	117.83
108.20	100.79
108.30	83.60
108.40	66.07
108.50	47.97
108.60	30.17
108.70	11.91
108.80	-6.04
108.90	-24.23
109.01	-41.77
109.11	-59.53
109.21	-77.56
109.31	-94.28
109.41	-110.32
109.51	-126.50
109.61	-141.67
109.71	-156.19
109.81	-170.28
109.92	-183.67
110.02	-195.88
110.12	-207.24
110.22	-217.68
110.32	-227.04
110.42	-235.54
110.52	-243.11
110.62	-249.36
110.72	-254.89
110.83	-259.30
110.93	-262.03
111.03	-263.78
111.13	-264.74
111.23	-264.40
111.33	-262.88
111.43	-260.34
111.53	-256.47
111.63	-250.55
111.73	-244.87
111.84	-238.43
111.94	-230.16
112.04	-221.00
112.14	-210.95
112.24	-199.80
112.34	-187.31
112.44	-174.45
112.54	-160.77
112.65	-145.58
112.75	-129.81
112.85	-113.72
112.95	-96.78
113.05	-79.59
113.15	-62.11
113.25	-44.61
113.35	-29.23
113.45	-11.16
113.55	6.89
113.66	25.05
113.76	42.65
113.86	59.66
113.96	76.88
114.06	93.79
114.16	110.45
114.26	126.73
114.36	141.89
114.46	157.29
114.57	171.68
114.67	186.25
114.77	200.03
114.87	212.68
114.97	223.80
115.07	234.96
115.17	244.21
115.27	252.10
115.37	259.89
115.47	265.85
115.58	270.81
115.68	274.52
115.78	277.54
115.88	278.91
115.98	279.87
116.08	279.23
116.18	277.86
116.28	275.22
116.38	271.36
116.49	266.49
116.59	260.17
116.69	252.91
116.79	244.41
116.89	235.04
116.99	224.89
117.09	213.20
117.19	201.04
117.29	187.58
117.40	173.81
117.50	159.11
117.60	144.21
117.70	128.25
117.80	111.99
117.90	95.09
118.00	78.08
118.10	60.58
118.20	42.90
118.30	25.15
118.41	8.05
118.51	-10.01
118.61	-27.86
118.71	-45.26
118.81	-62.65
118.91	-79.87
119.01	-96.32
119.11	-112.51
119.21	-128.13
119.32	-142.93
119.42	-157.03
119.52	-170.58
119.62	-183.10
119.72	-189.34
119.82	-201.03
119.92	-211.48
120.02	-220.65
120.12	-229.27
120.22	-236.91
120.33	-242.96
120.43	-248.36
120.53	-252.94
120.63	-256.40
120.73	-258.33
120.83	-258.91
120.93	-258.97
121.03	-257.42
121.14	-254.75
121.24	-251.41
121.34	-246.19
121.44	-239.73
121.54	-232.59
121.64	-224.06
121.74	-214.36
121.84	-203.79
121.94	-192.15
122.04	-179.89
122.15	-167.00
122.25	-153.10
122.35	-138.34
122.45	-123.43
122.55	-108.01
122.65	-92.21
122.75	-76.35
122.85	-59.38
122.95	-42.26
123.06	-24.75
123.16	-7.26
123.26	10.25
123.36	28.04
123.46	46.24
123.56	63.58
123.66	81.30
123.76	98.73
123.86	115.10
123.96	131.04
124.07	147.54
124.17	161.76
124.27	175.52
124.37	188.80
124.47	201.26
124.57	212.55
124.67	222.92
124.77	232.37
124.87	240.95
124.98	248.81
125.08	255.62
125.18	261.98
125.28	266.74
125.38	271.05
125.48	273.65
125.58	275.31
125.68	276.40
125.79	276.23
125.89	274.07
125.99	271.21
126.09	267.15
126.19	261.85
126.29	255.20
126.39	247.54
126.49	238.92
126.59	229.22
126.69	218.86
126.79	207.17
126.90	194.96
127.00	182.06
127.10	168.06
127.20	153.65
127.30	138.92
127.40	123.38
127.50	106.96
127.60	90.26
127.70	73.00
127.81	55.60
127.91	38.07
128.01	20.86
128.11	3.07
128.21	-14.48
128.31	-31.81
128.41	-49.57
128.51	-66.44
128.61	-82.72
128.72	-98.28
128.82	-114.27
128.92	-129.46
129.02	-143.98
129.12	-158.03
129.22	-171.53
129.32	-184.46
129.42	-196.08
129.52	-207.13
129.63	-217.02
129.73	-226.17
129.83	-234.01
129.93	-240.96
130.03	-246.56
130.13	-251.14
130.23	-255.08
130.33	-254.02
130.43	-255.72
130.54	-256.19
130.64	-255.38
130.74	-253.61
130.84	-250.78
130.94	-246.39
131.04	-241.52
131.14	-235.34
131.24	-227.93
131.34	-219.28
131.44	-209.87
131.55	-199.37
131.65	-187.75
131.75	-175.82
131.85	-163.03
131.95	-149.77
132.05	-135.44
132.15	-120.41
132.25	-104.49
132.36	-88.57
132.46	-71.94
132.56	-55.19
132.66	-38.28
132.76	-20.57
132.86	-2.94
132.96	15.06
133.06	33.10
133.16	50.45
133.26	67.03
133.37	84.42
133.47	101.05
133.57	116.90
133.67	132.21
133.77	147.25
133.87	161.63
133.97	175.55
134.07	188.52
134.17	200.85
134.27	212.16
134.38	220.45
134.48	230.63
134.58	239.59
134.68	248.21
134.78	255.45
134.88	261.28
134.98	266.72
135.08	270.18
135.18	272.52
135.29	273.80
135.39	273.86
135.49	272.26
135.59	269.90
135.69	266.65
135.79	261.77
135.89	256.03
135.99	249.73
136.09	242.35
136.20	233.48
136.30	224.20
136.40	213.59
136.50	202.21
136.60	189.35
136.70	176.29
136.80	162.22
136.90	147.61
137.00	132.48
137.11	116.86
137.21	100.56
137.31	83.78
137.41	66.90
137.51	49.75
137.61	32.36
137.71	15.00
137.81	-2.70
137.91	-19.97
138.01	-37.37
138.12	-54.20
138.22	-70.79
138.32	-87.25
138.42	-103.09
138.52	-118.59
138.62	-133.51
138.72	-147.83
138.82	-161.54
138.92	-174.36
139.02	-186.29
139.13	-197.58
139.23	-207.85
139.33	-217.06
139.43	-225.46
139.53	-232.83
139.63	-239.29
139.73	-244.83
139.83	-249.53
139.93	-252.71
140.04	-254.82
140.14	-256.08
140.24	-256.03
140.34	-254.43
140.44	-252.10
140.54	-248.95
140.64	-244.35
140.74	-238.83
140.85	-232.29
140.95	-224.33
141.05	-215.11
141.15	-205.46
141.25	-194.83
141.35	-183.34
141.45	-171.02
141.55	-158.37
141.65	-143.85
141.75	-129.11
141.86	-113.91
141.96	-97.56
142.06	-81.38
142.16	-63.81
142.26	-46.52
142.36	-29.20
142.46	-12.39
142.56	4.58
142.66	21.95
142.77	39.01
142.87	55.96
142.97	72.56
143.07	89.13
143.17	105.32
143.27	121.71
143.37	137.37
143.47	152.15
143.57	163.45
143.67	177.07
143.77	189.87
143.88	202.38
143.98	213.86
144.08	224.26
144.18	232.90
144.28	241.16
144.38	248.95
144.48	254.60
144.58	259.82
144.69	264.08
144.79	266.98
144.89	269.03
144.99	269.88
145.09	269.63
145.19	268.40
145.29	265.83
145.39	262.59
145.49	257.96
145.60	252.16
145.70	245.20
145.80	237.29
145.90	228.58
146.00	218.65
146.10	207.72
146.20	195.98
146.30	183.43
146.40	170.21
146.50	156.45
146.61	141.63
146.71	126.55
146.81	110.82
146.91	94.78
147.01	78.44
147.11	61.42
147.21	44.20
147.31	27.09
147.41	9.83
147.52	-7.41
147.62	-24.79
147.72	-41.50
147.82	-58.17
147.92	-74.97
148.02	-91.07
148.12	-106.61
148.22	-121.48
148.32	-136.11
148.42	-149.55
148.53	-162.33
148.63	-174.71
148.73	-186.67
148.83	-197.59
148.93	-207.61
149.03	-216.38
149.13	-224.46
149.23	-231.59
149.34	-238.01
149.44	-243.61
149.54	-247.93
149.64	-250.88
149.74	-252.64
149.84	-253.41
149.94	-253.09
150.04	-251.68
150.14	-249.00
150.24	-245.45
150.35	-240.27
150.45	-234.21
150.55	-227.25
150.65	-219.29
150.75	-210.22
150.85	-200.36
150.95	-189.09
151.05	-177.29
151.15	-164.63
151.26	-151.64
151.36	-137.46
151.46	-123.09
151.56	-107.33
151.66	-91.97
151.76	-76.37
151.86	-60.85
151.96	-43.91
152.06	-27.21
152.16	-9.35
152.27	8.12
152.37	25.56
152.47	42.63
152.57	60.00
152.67	77.00
152.77	93.80
152.87	109.76
152.97	126.02
153.07	141.97
153.18	156.47
153.28	170.15
153.38	182.89
153.48	195.50
153.58	206.22
153.68	217.16
153.78	226.95
153.88	235.71
153.98	243.67
154.09	250.89
154.19	257.09
154.29	261.99
154.39	265.79
154.49	268.85
154.59	270.81
154.69	271.42
154.79	270.85
154.89	269.15
154.99	266.95
155.10	263.25
155.20	257.89
155.30	252.14
155.40	244.53
155.50	236.21
155.60	226.85
155.70	216.35
155.80	205.79
155.91	194.40
156.01	181.68
156.11	167.94
156.21	153.80
156.31	138.96
156.41	123.66
156.51	107.48
156.61	91.50
156.71	74.98
156.81	58.23
156.91	41.82
157.02	24.73
157.12	7.29
157.22	-9.77
157.32	-26.44
157.42	-43.11
157.52	-59.01
157.62	-74.96
157.72	-90.81
157.83	-106.57
157.93	-121.49
158.03	-135.67
158.13	-149.53
158.23	-161.96
158.33	-174.36
158.43	-186.24
158.53	-197.28
158.63	-207.01
158.73	-216.16
158.84	-224.11
158.94	-231.50
159.04	-237.03
159.14	-241.92
159.24	-245.68
159.34	-248.04
159.44	-249.49
159.54	-249.37
159.64	-248.80
159.75	-247.01
159.85	-244.16
159.95	-240.15
160.05	-235.14
160.15	-228.89
160.25	-221.69
160.35	-213.21
160.45	-204.15
160.55	-193.94
160.66	-182.99
160.76	-171.69
160.86	-158.86
160.96	-145.57
161.06	-131.84
161.16	-117.50
161.26	-102.62
161.36	-87.49
161.46	-71.61
161.56	-55.53
161.67	-38.61
161.77	-21.43
161.87	-4.71
161.97	12.68
162.07	30.05
162.17	47.39
162.27	64.37
162.37	81.40
162.47	97.33
162.58	113.37
162.68	128.20
162.78	142.69
162.88	157.16
162.98	170.35
163.08	183.08
163.18	194.33
163.28	205.61
163.38	215.58
163.48	225.05
163.59	233.80
163.69	245.81
163.79	252.87
163.89	259.47
163.99	264.10
164.09	267.65
164.19	270.36
164.29	271.74
164.40	271.41
164.50	270.19
164.60	268.18
164.70	264.77
164.80	260.38
164.90	255.01
165.00	248.01
165.10	240.36
165.20	231.84
165.30	222.60
165.41	212.42
165.51	201.30
165.61	189.58
165.71	177.46
165.81	163.93
165.91	150.24
166.01	135.62
166.11	120.29
166.21	104.68
166.32	88.54
166.42	71.97
166.52	55.57
166.62	38.44
166.72	22.02
166.82	4.52
166.92	-12.21
167.02	-29.10
167.12	-45.89
167.22	-62.35
167.33	-78.68
167.43	-94.40
167.53	-109.78
167.63	-124.69
167.73	-139.10
167.83	-152.55
167.93	-165.02
168.03	-176.97
168.13	-188.12
168.24	-198.62
168.34	-207.68
168.44	-216.00
168.54	-223.15
168.64	-229.49
168.74	-235.57
168.84	-239.59
168.94	-242.96
169.04	-245.46
169.15	-246.34
169.25	-246.62
169.35	-245.64
169.45	-243.46
169.55	-240.04
169.65	-235.78
169.75	-230.65
169.85	-223.91
169.95	-216.82
170.05	-208.98
170.16	-199.98
170.26	-189.98
170.36	-179.13
170.46	-167.52
170.56	-154.55
170.66	-141.22
170.76	-127.41
170.86	-112.54
170.96	-97.41
171.07	-81.69
171.17	-65.71
171.27	-48.92
171.37	-32.07
171.47	-15.02
171.57	2.38
171.67	19.51
171.77	36.69
171.87	53.50
171.97	69.83
172.08	86.23
172.18	101.92
172.28	116.58
172.38	131.10
172.48	145.24
172.58	158.63
172.68	171.95
172.78	184.95
172.88	196.90
172.99	207.96
173.09	218.16
173.19	227.85
173.29	236.36
173.39	243.64
173.49	250.06
173.59	255.36
173.69	259.59
173.79	262.46
173.90	264.54
174.00	265.16
174.10	265.10
174.20	264.10
174.30	261.49
174.40	257.67
174.50	252.63
174.60	247.10
174.70	240.65
174.80	233.36
174.91	224.60
175.01	215.62
175.11	205.24
175.21	194.32
175.31	182.71
175.41	169.57
175.51	156.14
175.61	142.09
175.71	127.38
175.82	112.26
175.92	96.40
176.02	80.58
176.12	64.45
176.22	48.08
176.32	31.57
176.42	15.00
176.52	-1.70
176.62	-18.32
176.72	-34.70
176.83	-51.17
176.93	-67.11
177.03	-83.00
177.13	-98.70
177.23	-113.52
177.33	-127.99
177.43	-141.99
177.53	-154.64
177.63	-166.96
177.74	-178.31
177.84	-188.80
177.94	-198.81
178.04	-207.72
178.14	-215.58
178.24	-222.40
178.34	-228.58
178.44	-234.00
178.54	-238.05
178.64	-241.55
178.75	-243.72
178.85	-244.69
178.95	-244.55
179.05	-243.72
179.15	-241.29
179.25	-237.77
179.35	-233.29
179.45	-227.77
179.55	-221.13
179.66	-213.43
179.76	-205.25
179.86	-195.99
179.96	-185.29
180.06	-174.03
180.16	-162.08
180.26	-149.12
180.36	-136.02
180.46	-121.47
180.57	-106.79
180.67	-91.35
180.77	-76.28
180.87	-60.02
180.97	-43.77
181.07	-27.48
181.17	-10.86
181.27	6.09
181.37	22.28
181.48	38.42
181.58	54.75
181.68	71.16
181.78	86.35
181.88	101.78
181.98	116.79
182.08	131.60
182.18	146.27
182.28	160.26
182.38	173.25
182.49	186.09
182.59	197.78
182.69	209.39
182.79	219.17
182.89	228.61
182.99	236.98
183.09	243.93
183.19	249.79
183.29	254.60
183.40	258.47
183.50	260.89
183.60	262.40
183.70	262.83
183.80	262.34
183.90	261.37
184.00	258.75
184.10	255.67
184.20	251.28
184.30	245.72
184.41	238.98
184.51	231.43
184.61	222.61
184.71	212.98
184.81	202.48
184.91	191.26
185.01	178.44
185.11	166.12
185.21	152.22
185.32	138.46
185.42	123.63
185.52	108.70
185.62	93.27
185.72	77.60
185.82	60.97
185.92	44.57
186.02	27.70
186.13	11.21
186.23	-5.40
186.33	-21.63
186.43	-38.30
186.53	-55.03
186.63	-70.68
186.73	-85.90
186.83	-100.70
186.93	-115.17
187.03	-129.36
187.13	-142.79
187.24	-154.80
187.34	-166.56
187.44	-177.93
187.54	-188.44
187.64	-198.12
187.74	-206.91
187.84	-215.06
187.94	-221.91
188.05	-228.17
188.15	-233.06
188.25	-236.65
188.35	-239.32
188.45	-241.46
188.55	-242.03
188.65	-241.58
188.75	-240.10
188.85	-237.35
188.95	-233.23
189.06	-228.42
189.16	-222.60
189.26	-216.22
189.36	-208.76
189.46	-200.32
189.56	-190.85
189.66	-180.16
189.76	-168.50
189.86	-156.18
189.97	-143.07
190.07	-129.41
190.17	-115.44
190.27	-100.22
190.37	-84.96
190.47	-69.96
190.57	-54.81
190.67	-38.97
190.77	-22.53
190.88	-6.10
190.98	10.56
191.08	26.63
191.18	43.10
191.28	59.44
191.38	75.32
191.48	96.10
191.58	111.55
191.68	126.22
191.78	140.31
191.88	154.39
191.99	167.42
192.09	179.45
192.19	191.18
192.29	201.72
192.39	211.54
192.49	220.46
192.59	228.44
192.69	235.61
192.80	241.58
192.90	247.05
193.00	252.20
193.10	255.59
193.20	257.86
193.30	259.67
193.40	260.19
193.50	260.23
193.60	258.86
193.70	256.17
193.81	252.56
193.91	247.23
194.01	240.92
194.11	233.78
194.21	225.34
194.31	216.32
194.41	206.01
194.51	195.35
194.62	183.89
194.72	171.44
194.82	158.62
194.92	145.19
195.02	131.18
195.12	116.52
195.22	101.70
195.32	85.81
195.42	69.67
195.52	53.69
195.63	37.55
195.73	21.07
195.83	4.92
195.93	-11.43
196.03	-27.60
196.13	-43.72
196.23	-59.89
196.33	-75.14
196.43	-90.14
196.54	-104.83
196.63	-118.74
196.74	-132.15
196.84	-144.94
196.94	-157.30
197.04	-169.43
197.14	-180.46
197.24	-190.69
197.34	-199.65
197.44	-208.32
197.55	-215.80
197.65	-222.16
197.75	-227.81
197.85	-232.17
197.95	-235.46
198.05	-237.43
198.15	-238.71
198.25	-238.88
198.35	-232.73
198.46	-231.10
198.56	-228.44
198.66	-224.17
198.76	-219.46
198.86	-213.24
198.96	-206.73
199.06	-199.09
199.16	-190.34
199.26	-180.82
199.37	-170.53
199.47	-159.50
199.57	-147.68
199.67	-134.89
199.77	-121.35
199.87	-107.58
199.97	-92.95
200.07	-78.10
200.17	-62.85
200.27	-47.21
200.38	-31.35
200.48	-15.08
200.58	1.38
200.68	17.66
200.78	33.77
200.88	49.84
200.98	65.74
201.08	81.86
201.18	97.26
201.29	112.05
201.38	125.95
201.49	139.15
201.59	151.79
201.69	164.30
201.79	176.34
201.89	187.52
201.99	198.65
202.09	208.31
202.19	217.65
202.30	226.66
202.40	234.13
202.50	240.17
202.60	245.87
202.70	250.52
202.80	253.50
202.90	255.67
203.00	257.14
203.11	256.98
203.21	255.88
203.31	254.09
203.41	250.88
203.51	246.59
203.61	241.86
203.71	235.17
203.81	232.96
203.91	224.81
204.01	215.42
204.12	210.30
204.22	199.43
204.32	187.46
204.42	174.69
204.52	163.50
204.62	149.48
204.72	134.81
204.82	119.67
204.92	103.93
205.02	87.89
205.13	71.59
205.23	55.46
205.33	38.79
205.43	21.75
205.53	5.36
205.63	-11.31
205.73	-27.74
205.83	-43.70
205.93	-59.52
206.04	-75.29
206.14	-90.53
206.24	-105.50
206.34	-119.58
206.44	-130.90
206.54	-143.70
206.64	-155.97
206.74	-167.42
206.84	-177.80
206.95	-187.21
207.05	-196.50
207.15	-205.27
207.25	-212.51
207.35	-219.03
207.45	-223.93
207.55	-228.39
207.65	-231.37
207.75	-233.60
207.86	-234.82
207.96	-235.13
208.06	-234.47
208.16	-232.35
208.26	-229.23
208.36	-224.87
208.46	-219.63
208.56	-213.44
208.66	-206.07
208.76	-198.02
208.87	-189.12
208.97	-179.01
209.07	-168.56
209.17	-157.23
209.27	-144.37
209.37	-131.40
209.47	-117.93
209.57	-103.89
209.67	-89.29
209.77	-74.23
209.88	-58.27
209.98	-42.30
210.08	-26.69
210.18	-10.50
210.28	5.42
210.38	21.05
210.48	37.25
210.58	53.14
210.68	68.73
210.79	84.34
210.89	99.53
210.99	114.55
211.09	128.67
211.19	142.54
211.29	156.66
211.39	169.43
211.49	181.71
211.59	192.87
211.70	203.88
211.80	213.53
211.90	222.66
212.00	230.42
212.10	237.45
212.20	242.83
212.30	247.54
212.40	251.46
212.50	253.79
212.61	255.80
212.71	256.41
212.81	256.44
212.91	255.37
213.01	252.85
213.11	249.46
213.21	245.23
213.31	239.67
213.41	233.09
213.52	225.93
213.62	217.64
213.72	208.26
213.82	198.19
213.92	187.38
214.02	175.61
214.12	162.98
214.22	150.08
214.32	136.33
214.42	122.06
214.52	107.36
214.63	92.39
214.73	76.77
214.83	61.13
214.93	45.18
215.03	28.92
215.13	12.72
215.23	-3.26
215.33	-19.70
215.44	-35.37
215.54	-50.95
215.64	-66.25
215.74	-81.29
215.84	-95.82
215.94	-110.13
216.04	-123.63
216.14	-136.94
216.24	-149.30
216.34	-161.33
216.45	-172.52
216.55	-182.64
216.65	-192.16
216.75	-201.05
216.85	-208.90
216.95	-215.65
217.05	-221.67
217.15	-226.19
217.25	-230.13
217.36	-233.02
217.46	-234.87
217.56	-235.43
217.66	-235.10
217.76	-233.75
217.86	-231.46
217.96	-227.74
218.06	-223.60
218.16	-218.17
218.27	-211.56
218.37	-204.14
218.47	-195.68
218.57	-185.99
218.67	-176.04
218.77	-165.04
218.87	-153.04
218.97	-140.39
219.07	-127.37
219.17	-113.75
219.28	-99.66
219.38	-85.28
219.48	-70.62
219.58	-55.39
219.68	-40.37
219.78	-24.85
219.88	-9.21
219.98	6.86
220.08	22.86
220.19	38.97
220.29	55.07
220.39	70.77
220.49	86.73
220.59	101.99
220.69	116.29
220.79	130.83
220.89	145.04
220.99	158.33
221.09	170.27
221.20	182.00
221.30	192.80
221.40	202.41
221.50	212.04
221.60	220.04
221.70	227.79
221.80	233.90
221.90	239.70
222.01	244.87
222.11	248.23
222.21	250.41
222.31	252.54
222.41	253.37
222.51	252.85
222.61	251.56
222.71	248.63
222.81	245.50
222.91	241.07
223.02	235.17
223.12	227.96
223.22	220.31
223.32	211.80
223.42	202.36
223.52	192.09
223.62	180.98
223.72	168.94
223.82	161.79
223.93	148.55
224.03	134.62
224.13	120.14
224.23	105.38
224.33	89.86
224.43	74.12
224.53	58.31
224.63	42.15
224.73	26.14
224.84	9.33
224.94	-6.63
225.04	-22.10
225.14	-37.80
225.24	-53.16
225.34	-68.40
225.44	-83.03
225.54	-97.23
225.64	-111.22
225.74	-124.70
225.85	-137.67
225.95	-149.89
226.05	-161.59
226.15	-172.51
226.25	-182.29
226.35	-191.57
226.45	-199.94
226.55	-207.35
226.65	-213.98
226.76	-219.53
226.86	-224.00
226.96	-227.55
227.06	-230.18
227.16	-231.62
227.26	-231.79
227.36	-231.20
227.46	-229.64
227.56	-226.76
227.66	-222.92
227.77	-218.42
227.87	-212.70
227.97	-205.82
228.07	-198.37
228.17	-189.61
228.27	-180.03
228.37	-169.82
228.47	-158.73
228.58	-147.00
228.68	-134.70
228.78	-121.81
228.88	-108.22
228.98	-94.41
229.08	-80.44
229.18	-65.52
229.28	-50.39
229.38	-35.12
229.48	-19.77
229.59	-3.58
229.69	12.15
229.79	28.54
229.89	44.62
229.99	60.99
230.09	76.69
230.19	91.90
230.29	107.31
230.39	121.59
230.50	135.86
230.60	149.32
230.70	162.00
230.80	174.25
230.90	185.04
231.00	195.14
231.10	204.48
231.20	213.06
231.30	220.50
231.40	227.58
231.51	233.65
231.61	239.47
231.71	243.59
231.81	247.51
231.91	252.44
232.01	253.67
232.11	253.88
232.21	252.69
232.31	250.80
232.41	247.76
232.52	243.73
232.62	238.74
232.72	232.65
232.82	225.52
232.92	217.59
233.02	208.56
233.12	199.09
233.22	188.98
233.33	177.78
233.43	165.89
233.53	153.20
233.63	139.84
233.73	125.85
233.83	111.65
233.93	96.97
234.03	81.87
234.13	66.18
234.23	50.62
234.34	34.44
234.44	18.62
234.54	3.04
234.64	-13.26
234.74	-29.10
234.84	-44.50
234.94	-59.62
235.04	-74.49
235.14	-89.02
235.24	-103.47
235.35	-117.54
235.45	-130.66
235.55	-143.03
235.65	-155.03
235.75	-165.98
235.85	-176.43
235.95	-186.26
236.05	-195.15
236.15	-203.04
236.26	-209.89
236.36	-215.79
236.46	-220.85
236.56	-224.71
236.66	-227.77
236.76	-229.69
236.86	-230.85
236.96	-230.96
237.06	-230.31
237.16	-228.30
237.27	-225.13
237.37	-220.77
237.47	-215.64
237.57	-209.75
237.67	-202.47
237.77	-194.34
237.87	-185.38
237.97	-175.56
238.08	-165.23
238.18	-153.97
238.28	-142.02
238.38	-129.32
238.48	-116.50
238.58	-103.03
238.68	-89.03
238.78	-74.77
238.88	-59.89
238.99	-45.14
239.09	-29.68
239.19	-13.65
239.29	1.58
239.39	17.80
239.49	33.51
239.59	49.34
239.69	64.92
239.79	80.52
239.89	95.25
240.00	109.54
240.10	123.56
240.20	136.98
240.30	150.38
240.40	162.86
240.50	173.87
240.60	184.28
240.70	194.56
240.80	204.23
240.91	213.27
241.01	221.06
241.11	228.11
241.21	234.35
241.31	239.58
241.41	242.95
241.51	246.56
241.61	248.88
241.71	250.38
241.81	250.47
241.91	249.44
242.02	246.82
242.12	243.33
242.22	238.91
242.32	233.62
242.42	227.14
242.52	219.63
242.62	211.50
242.72	202.77
242.83	193.28
242.93	182.92
243.03	171.02
243.13	159.27
243.23	146.71
243.33	133.47
243.43	120.05
243.53	105.90
243.63	91.10
243.74	76.15
243.84	61.04
243.94	45.74
244.04	30.05
244.14	14.60
244.24	-1.28
244.34	-16.72
244.44	-32.38
244.54	-47.26
244.64	-62.25
244.75	-76.79
244.85	-91.05
244.95	-104.84
245.05	-118.55
245.15	-131.48
245.25	-143.65
245.35	-155.22
245.45	-165.96
245.55	-175.76
245.66	-185.22
245.76	-193.51
245.86	-200.84
245.96	-207.39
246.06	-213.37
246.16	-218.16
246.26	-221.75
246.36	-224.51
246.46	-226.38
246.56	-226.97
246.67	-226.72
246.77	-225.58
246.87	-223.25
246.97	-220.09
247.07	-215.84
247.17	-210.39
247.27	-203.87
247.37	-196.78
247.48	-188.94
247.58	-179.79
247.68	-170.20
247.78	-159.69
247.88	-148.36
247.98	-136.54
248.08	-124.31
248.18	-111.35
248.28	-97.83
248.38	-83.64
248.49	-69.11
248.59	-54.80
248.69	-39.71
248.79	-23.98
248.89	-7.93
248.99	8.12
249.09	23.96
249.19	39.11
249.29	54.91
249.40	70.26
249.50	85.00
249.60	99.75
249.70	114.11
249.80	127.76
249.90	140.37
250.00	152.45
250.10	164.18
250.20	175.62
250.30	186.39
250.41	195.82
250.51	208.98
250.61	217.53
250.71	225.55
250.81	231.52
250.91	236.95
251.01	242.10
251.11	245.85
251.21	249.25
251.32	251.04
251.42	251.54
251.52	251.21
251.62	249.50
251.72	246.38
251.82	242.96
251.92	238.51
252.02	232.73
252.12	225.90
252.23	218.20
252.33	209.89
252.43	200.80
252.53	190.86
252.63	180.32
252.73	168.90
252.83	157.30
252.93	145.04
253.03	131.54
253.13	117.61
253.24	103.08
253.34	88.38
253.44	73.31
253.54	58.14
253.64	42.83
253.74	27.29
253.84	11.58
253.94	-1.25
254.04	-16.69
254.15	-32.10
254.25	-47.25
254.35	-62.49
254.45	-77.21
254.55	-91.60
254.65	-105.22
254.75	-118.26
254.85	-131.10
254.95	-143.39
255.05	-154.97
255.16	-165.47
255.26	-175.35
255.36	-184.53
255.46	-192.56
255.56	-199.43
255.66	-205.71
255.76	-211.42
255.86	-216.00
255.97	-219.40
256.07	-221.83
256.17	-223.49
256.27	-224.21
256.37	-223.85
256.47	-222.41
256.57	-219.79
256.67	-211.00
256.77	-206.90
256.87	-201.46
256.98	-195.28
257.08	-188.27
257.18	-180.26
257.28	-171.39
257.38	-161.92
257.48	-151.73
257.58	-140.74
257.68	-129.20
257.78	-116.74
257.89	-103.71
257.99	-90.27
258.09	-76.11
258.19	-61.45
258.29	-46.38
258.39	-31.06
258.49	-15.51
258.59	-0.33
258.69	13.13
258.79	29.03
258.89	44.23
259.00	59.42
259.10	74.29
259.20	88.68
259.30	101.60
259.40	115.52
259.50	129.19
259.60	142.58
259.70	154.70
259.80	166.72
259.91	178.28
260.01	188.62
260.11	198.19
260.21	207.83
260.31	216.69
260.41	224.20
260.51	230.64
260.61	235.86
260.72	240.27
260.82	243.25
260.92	245.09
261.02	245.49
261.12	245.71
261.22	244.88
261.32	242.78
261.42	239.94
261.52	236.05
261.62	231.49
261.73	225.67
261.83	218.69
261.93	211.50
262.03	203.18
262.13	194.12
262.23	184.31
262.33	173.60
262.43	162.17
262.54	149.86
262.64	137.01
262.74	123.56
262.84	109.24
262.94	95.12
263.04	80.52
263.14	65.74
263.24	50.65
263.34	35.52
263.44	20.15
263.54	4.89
263.65	-10.51
263.75	-25.33
263.85	-40.56
263.95	-55.44
264.05	-70.26
264.15	-84.35
264.25	-98.03
264.35	-111.48
264.45	-124.81
264.55	-136.67
264.66	-148.18
264.76	-158.72
264.86	-168.79
264.96	-178.45
265.06	-187.13
265.16	-194.67
265.26	-201.29
265.36	-207.22
265.47	-212.21
265.57	-216.45
265.67	-219.63
265.77	-221.75
265.87	-222.26
265.97	-222.30
266.07	-221.58
266.17	-219.85
266.27	-217.21
266.38	-213.40
266.48	-208.78
266.58	-203.04
266.68	-196.49
266.78	-189.11
266.88	-180.86
266.98	-171.57
267.08	-161.14
267.18	-150.73
267.29	-139.39
267.39	-127.12
267.49	-114.02
267.59	-100.22
267.69	-83.26
267.79	-69.09
267.89	-54.79
267.99	-39.65
268.09	-24.77
268.19	-9.78
268.30	7.81
268.40	22.52
268.50	37.14
268.60	51.89
268.70	66.29
268.80	80.73
268.90	94.64
269.00	108.61
269.10	121.93
269.20	135.18
269.30	147.57
269.41	159.79
269.51	171.80
269.61	182.46
269.71	192.44
269.81	201.82
269.91	210.38
270.01	217.86
270.11	224.82
270.22	230.43
270.32	234.90
270.42	238.66
270.52	241.13
270.62	242.87
270.72	243.08
270.82	242.82
270.92	241.78
271.02	239.59
271.13	236.61
271.23	232.78
271.33	233.24
271.43	227.18
271.53	220.32
271.63	212.31
271.73	203.44
271.83	193.52
271.93	182.84
272.04	171.85
272.14	159.81
272.24	147.42
272.34	134.10
272.44	120.39
272.54	106.52
272.64	92.30
272.74	83.38
272.84	67.96
272.95	52.56
273.05	32.99
273.15	17.79
273.25	2.40
273.35	-12.67
273.45	-28.14
273.55	-43.13
273.65	-57.38
273.75	-71.61
273.85	-85.68
273.95	-99.34
274.06	-112.63
274.16	-125.09
274.26	-136.64
274.36	-147.81
274.46	-158.47
274.56	-168.29
274.66	-177.43
274.76	-185.71
274.86	-193.17
274.97	-199.76
275.07	-205.53
275.17	-210.25
275.27	-214.09
275.37	-217.03
275.47	-218.83
275.57	-219.69
275.67	-219.55
275.77	-218.53
275.88	-216.35
275.98	-213.03
276.08	-208.88
276.18	-203.84
276.28	-198.05
276.38	-191.49
276.48	-183.57
276.58	-175.04
276.68	-165.69
276.79	-155.40
276.89	-144.48
276.99	-132.76
277.09	-120.37
277.19	-107.20
277.29	-94.09
277.39	-80.39
277.49	-66.32
277.59	-52.20
277.70	-37.59
277.80	-22.61
277.90	-7.98
278.00	7.02
278.10	21.27
278.20	36.65
278.30	51.27
278.40	65.91
278.50	80.51
278.60	94.99
278.71	109.29
278.81	123.32
278.91	136.66
279.01	149.07
279.11	161.47
279.21	172.65
279.31	183.26
279.41	192.90
279.51	201.66
279.61	210.02
279.72	216.82
279.82	222.58
279.92	228.10
280.02	232.65
280.12	235.61
280.22	237.73
280.32	239.20
280.42	239.74
280.52	239.20
280.63	238.09
280.73	236.09
280.83	233.13
280.93	229.12
281.03	223.87
281.13	217.93
281.23	211.03
281.33	203.23
281.44	194.57
281.54	183.84
281.64	173.40
281.74	162.23
281.84	150.46
281.94	138.19
282.04	125.43
282.14	111.81
282.24	98.62
282.34	84.29
282.45	69.92
282.55	55.23
282.65	40.22
282.75	25.21
282.85	10.15
282.95	-5.01
283.05	-19.96
283.15	-34.41
283.25	-48.99
283.36	-63.19
283.46	-77.38
283.56	-91.16
283.66	-104.26
283.76	-116.94
283.86	-128.70
283.96	-140.26
284.06	-151.15
284.16	-161.39
284.26	-170.92
284.36	-179.38
284.47	-187.56
284.57	-194.53
284.67	-201.05
284.77	-206.40
284.87	-211.43
284.97	-214.76
285.07	-217.12
285.17	-218.61
285.27	-218.78
285.38	-218.34
285.48	-216.93
285.58	-214.13
285.68	-210.57
285.78	-206.15
285.88	-200.84
285.98	-194.20
286.08	-186.79
286.19	-178.90
286.29	-169.80
286.39	-160.31
286.49	-150.40
286.59	-139.08
286.69	-127.67
286.79	-115.14
286.89	-102.58
286.99	-89.00
287.09	-75.45
287.20	-62.18
287.30	-47.87
287.40	-33.73
287.50	-18.79
287.60	-3.95
287.70	11.00
287.80	26.15
287.90	41.64
288.00	56.56
288.11	71.43
288.21	86.41
288.31	100.44
288.41	114.42
288.51	128.04
288.61	141.39
288.71	153.72
288.81	165.14
288.91	175.93
289.01	185.88
289.12	194.49
289.22	202.51
289.32	209.69
289.42	216.20
289.52	221.94
289.62	226.85
289.72	231.10
289.82	234.40
289.92	236.68
290.03	237.70
290.13	238.06
290.23	237.71
290.33	236.17
290.43	234.11
290.53	231.01
290.63	226.56
290.73	221.18
290.83	214.62
290.94	207.14
291.04	198.68
291.14	189.55
291.24	179.82
291.34	169.33
291.44	161.96
291.54	150.12
291.64	137.46
291.74	124.39
291.85	110.57
291.95	96.74
292.05	82.65
292.15	68.02
292.25	53.72
292.35	38.63
292.45	23.60
292.55	8.67
292.65	-6.26
292.75	-21.20
292.86	-35.64
292.96	-49.91
293.06	-64.06
293.16	-77.86
293.26	-91.22
293.36	-104.11
293.46	-116.75
293.56	-128.76
293.66	-139.42
293.77	-150.20
293.87	-160.24
293.97	-169.33
294.07	-178.01
294.17	-185.76
294.27	-192.38
294.37	-198.46
294.47	-203.23
294.57	-207.42
294.67	-210.65
294.78	-212.92
294.88	-214.02
294.98	-214.07
295.08	-213.52
295.18	-212.29
295.28	-209.83
295.38	-205.99
295.48	-201.34
295.58	-195.67
295.69	-189.09
295.79	-181.78
295.89	-173.09
295.99	-164.04
296.09	-153.99
296.19	-143.29
296.29	-132.27
296.39	-120.66
296.50	-108.48
296.60	-95.70
296.70	-82.32
296.80	-68.85
296.90	-54.71
297.00	-40.72
297.10	-26.34
297.20	-12.17
297.30	2.29
297.40	17.17
297.50	32.32
297.61	47.45
297.71	62.48
297.81	77.35
297.91	91.74
298.01	105.65
298.11	119.47
298.21	132.34
298.31	144.63
298.42	156.19
298.52	166.98
298.62	177.29
298.72	186.52
298.82	195.45
298.92	203.07
299.02	210.42
299.12	216.95
299.22	222.50
299.32	227.53
299.42	231.05
299.53	234.35
299.63	236.83
299.73	237.34
299.83	237.12
299.93	236.12
300.03	234.06
300.13	231.16
300.23	227.20
300.33	222.19
300.44	216.48
300.54	209.66
300.64	201.92
300.74	193.33
300.84	184.16
300.94	174.15
301.04	163.44
301.14	152.12
301.25	140.27
301.35	127.75
301.45	115.12
301.55	101.86
301.65	88.07
301.75	74.41
301.85	60.09
301.95	45.14
302.05	30.53
302.15	15.75
302.26	0.92
302.36	-14.03
302.46	-28.63
302.56	-40.90
302.66	-54.60
302.76	-68.12
302.86	-81.77
302.96	-94.83
303.06	-107.74
303.17	-120.05
303.27	-132.30
303.37	-143.43
303.47	-153.71
303.57	-163.42
303.67	-173.00
303.77	-181.25
303.87	-188.34
303.97	-194.77
304.07	-200.43
304.18	-205.06
304.28	-208.91
304.38	-211.61
304.48	-213.13
304.58	-214.28
304.68	-214.21
304.78	-213.00
304.88	-210.85
304.98	-207.76
305.08	-203.62
305.19	-198.19
305.29	-192.13
305.39	-185.52
305.49	-177.95
305.59	-169.95
305.69	-160.30
305.79	-150.44
305.89	-139.77
306.00	-128.63
306.10	-116.85
306.20	-104.55
306.30	-91.58
306.40	-78.05
306.50	-64.70
306.60	-50.71
306.70	-36.63
306.80	-22.54
306.91	-7.42
307.01	11.75
307.11	26.32
307.21	41.00
307.31	55.40
307.41	69.88
307.51	84.04
307.61	97.93
307.71	111.14
