16.56	300.09
16.67	300.34
16.77	300.97
16.87	300.87
16.97	302.08
17.07	303.57
17.17	305.65
17.27	306.86
17.37	307.37
17.47	308.30
17.57	309.39
17.68	309.67
17.78	311.23
17.88	311.62
17.98	313.79
18.08	314.65
18.18	315.67
18.28	317.14
18.38	317.93
18.49	318.18
0.00	-69.80
0.10	-81.51
0.20	-72.63
0.30	-61.15
0.40	-51.80
0.50	-44.86
0.61	-39.26
0.70	-36.20
0.81	-34.39
0.91	-34.57
1.01	-36.74
1.11	-40.25
1.21	-45.34
1.31	-51.67
1.41	-59.24
1.51	-67.78
1.61	-77.44
1.72	-88.17
1.82	-99.16
1.92	-110.60
2.02	-123.22
2.12	-135.76
2.22	-148.72
2.32	-162.29
2.42	-175.52
2.52	-189.60
2.62	-202.87
2.72	-216.32
2.83	-228.66
2.93	-240.97
3.03	-252.93
3.13	-263.98
3.23	-269.08
3.33	-279.63
3.43	-289.49
3.53	-298.27
3.63	-306.21
3.74	-313.30
3.84	-318.53
3.94	-324.10
4.04	-327.95
4.14	-330.55
4.24	-332.52
4.34	-333.70
4.44	-333.41
4.54	-331.84
4.64	-329.25
4.75	-325.04
4.85	-319.74
4.95	-313.65
5.05	-306.27
5.15	-296.85
5.25	-287.11
5.35	-276.41
5.45	-264.33
5.55	-251.62
5.65	-237.99
5.75	-223.69
5.86	-208.15
5.96	-192.20
6.06	-175.49
6.16	-158.11
6.26	-140.06
6.36	-120.80
6.46	-101.51
6.56	-81.44
6.66	-61.92
6.76	-41.77
6.86	-21.43
6.97	-1.36
7.07	19.11
7.17	39.30
7.27	58.89
7.37	78.19
7.47	97.78
7.57	115.99
7.67	133.54
7.77	150.37
7.88	165.95
7.98	181.15
8.08	195.74
8.18	209.56
8.28	221.88
8.38	233.54
8.48	244.46
8.58	254.89
8.68	263.79
8.78	272.35
8.89	279.73
8.99	285.25
9.09	289.63
9.19	293.35
9.29	295.79
9.39	296.65
9.49	295.41
9.59	293.39
9.69	290.07
9.79	285.67
9.90	279.89
10.00	272.49
10.10	264.27
10.20	254.95
10.30	244.56
10.40	233.33
10.50	221.26
10.60	208.05
10.70	194.00
10.81	179.55
10.90	164.02
11.01	147.72
11.11	130.73
11.21	113.35
11.31	95.18
11.41	77.32
11.51	59.60
11.61	41.12
11.71	22.47
11.81	3.69
11.92	-14.79
12.02	-32.95
12.12	-51.20
12.22	-68.74
12.32	-86.31
12.42	-103.19
12.52	-119.58
12.62	-135.60
12.72	-150.82
12.82	-165.38
12.93	-179.36
13.03	-192.64
13.13	-204.91
13.23	-216.17
13.33	-226.91
13.43	-236.16
13.53	-244.10
13.63	-251.65
13.73	-257.57
13.84	-262.14
13.94	-266.28
14.04	-268.77
14.14	-270.08
14.24	-270.23
14.34	-269.31
14.44	-267.20
14.54	-263.44
14.64	-259.07
14.74	-253.36
14.85	-246.44
14.95	-238.47
15.05	-229.55
15.15	-219.32
15.25	-208.56
15.35	-196.98
15.45	-184.38
15.55	-170.76
15.65	-156.72
15.76	-141.64
15.86	-125.70
15.96	-110.27
16.06	-93.86
16.16	-77.21
16.26	-60.00
16.36	-42.35
16.46	-24.23
16.56	-6.57
16.66	11.71
16.76	30.37
16.87	48.70
16.97	66.62
17.07	84.39
17.17	101.92
17.27	118.32
17.37	134.06
17.47	149.60
17.57	164.77
17.67	178.03
17.77	190.88
17.87	202.84
17.98	214.30
18.08	224.73
18.18	235.24
18.28	244.13
18.38	251.78
18.48	259.04
18.58	264.69
18.68	269.45
18.78	273.48
18.89	275.65
18.99	277.07
19.09	277.47
19.19	276.74
19.29	274.66
19.39	270.92
19.49	266.53
19.59	260.70
19.69	254.27
19.79	246.55
19.90	237.48
20.00	227.75
20.10	217.36
20.20	206.00
20.30	193.55
20.40	180.47
20.50	166.55
20.60	151.77
20.70	136.58
20.81	121.00
20.91	104.95
21.01	88.05
21.11	71.30
21.21	54.49
21.31	37.01
21.41	20.01
21.51	3.01
21.61	-14.04
21.71	-31.19
21.82	-47.43
21.92	-65.61
22.02	-81.83
22.12	-97.29
22.22	-112.47
22.32	-126.75
22.42	-140.81
22.52	-153.92
22.62	-166.72
22.72	-178.74
22.83	-189.80
22.93	-200.21
23.03	-209.45
23.13	-217.28
23.23	-224.76
23.33	-231.03
23.43	-236.27
23.53	-240.46
23.63	-243.69
23.74	-245.80
23.84	-247.26
23.94	-247.40
24.04	-246.43
24.14	-244.21
24.24	-240.95
24.34	-236.70
24.44	-230.92
24.54	-224.37
24.64	-216.80
24.75	-208.06
24.85	-198.66
24.95	-188.53
25.05	-177.45
25.15	-165.43
25.25	-152.86
25.35	-139.71
25.45	-125.53
25.55	-111.20
25.65	-96.04
25.76	-80.74
25.86	-64.70
25.96	-48.62
26.06	-32.29
26.16	-15.52
26.26	1.25
26.36	17.89
26.46	35.10
26.56	51.44
26.66	68.02
26.77	84.12
26.87	100.01
26.97	115.26
27.07	129.50
27.17	142.87
27.27	155.48
27.37	168.01
27.47	180.11
27.57	191.00
27.67	200.70
27.78	215.42
27.88	224.25
27.98	232.03
28.08	238.83
28.18	244.29
28.28	249.48
28.38	253.90
28.48	257.11
28.58	259.00
28.69	259.65
28.79	259.27
28.89	258.21
28.99	255.89
29.09	251.95
29.19	247.20
29.29	241.69
29.39	234.96
29.49	227.46
29.59	218.99
29.70	209.99
29.80	199.84
29.90	188.75
30.00	177.06
30.10	165.21
30.20	151.85
30.30	138.15
30.40	124.15
30.50	109.59
30.60	94.46
30.71	79.24
30.81	63.82
30.91	48.08
31.01	31.98
31.11	16.43
31.21	0.51
31.31	-15.37
31.41	-30.95
31.51	-46.40
31.61	-61.63
31.72	-76.20
31.82	-90.39
31.92	-104.52
32.02	-117.89
32.12	-131.50
32.22	-143.77
32.32	-155.69
32.42	-166.25
32.52	-176.44
32.63	-186.02
32.73	-194.32
32.83	-201.75
32.93	-208.31
33.03	-214.30
33.13	-218.93
33.23	-222.64
33.33	-225.40
33.43	-227.13
33.53	-227.88
33.64	-227.73
33.74	-226.35
33.84	-224.03
33.94	-220.73
34.04	-216.84
34.14	-211.40
34.24	-205.33
34.34	-197.46
34.44	-188.69
34.54	-179.76
34.65	-170.22
34.75	-159.61
34.85	-148.28
34.95	-136.81
35.05	-124.47
35.15	-111.25
35.25	-97.89
35.35	-83.89
35.45	-70.35
35.56	-55.83
35.66	-40.89
35.76	-25.49
35.86	-9.72
35.96	5.42
36.06	20.90
36.16	36.35
36.26	52.13
36.36	67.03
36.46	81.68
36.57	96.44
36.67	110.47
36.77	123.95
36.87	136.45
36.97	148.13
37.07	159.57
37.17	170.19
37.27	180.43
37.37	190.01
37.47	198.71
37.58	206.97
37.68	213.73
37.78	219.99
37.88	225.24
37.98	230.08
38.08	234.02
38.18	236.32
38.28	238.36
38.38	239.29
38.48	238.72
38.59	236.89
38.69	234.49
38.79	230.92
38.89	226.37
38.99	220.65
39.09	214.72
39.19	207.54
39.29	200.11
39.39	191.60
39.50	182.27
39.60	172.26
39.70	161.40
39.80	149.93
39.90	137.93
40.00	125.63
40.10	112.60
40.20	99.37
40.30	85.55
40.40	71.43
40.51	56.60
40.61	42.02
40.71	27.82
40.81	13.28
40.91	-1.38
41.01	-15.96
41.11	-30.26
41.21	-44.20
41.31	-57.99
41.41	-71.59
41.52	-84.81
41.62	-98.07
41.72	-110.42
41.82	-122.20
41.92	-133.24
42.02	-143.83
42.12	-154.08
42.22	-163.23
42.32	-171.72
42.43	-179.38
42.53	-186.26
42.63	-192.30
42.73	-197.14
42.83	-201.28
42.93	-204.46
43.03	-206.84
43.13	-207.90
43.23	-208.60
43.33	-208.72
43.44	-206.89
43.54	-204.69
43.64	-201.36
43.74	-197.04
43.84	-191.89
43.94	-185.84
44.04	-179.55
44.14	-171.67
44.24	-163.39
44.34	-154.22
44.45	-144.91
44.55	-134.36
44.65	-123.40
44.75	-112.48
44.85	-100.80
44.95	-88.61
45.05	-75.58
45.15	-62.30
45.25	-48.54
45.36	-34.96
45.46	-21.21
45.56	-6.90
45.66	8.09
45.76	22.34
45.86	36.87
45.96	50.93
46.06	65.48
46.16	79.06
46.26	91.85
46.36	104.86
46.47	117.57
46.57	129.19
46.67	140.23
46.77	150.82
46.87	160.38
46.97	169.86
47.07	178.32
47.17	185.80
47.27	193.16
47.38	199.35
47.47	204.78
47.58	210.20
47.68	213.99
47.78	217.39
47.88	220.02
47.98	220.97
48.08	221.97
48.18	221.22
48.28	219.86
48.38	217.22
48.49	213.90
48.59	209.26
48.69	204.10
48.79	197.99
48.89	191.39
48.99	183.57
49.09	175.99
49.19	166.94
49.29	157.35
49.40	147.13
49.50	137.72
49.60	126.34
49.70	115.02
49.80	102.87
49.90	90.33
50.00	77.71
50.10	64.42
50.20	51.05
50.31	37.45
50.40	24.13
50.51	10.57
50.61	-3.11
50.71	-16.65
50.81	-30.42
50.91	-43.40
51.01	-55.88
51.11	-67.43
51.21	-79.56
51.31	-91.68
51.42	-102.80
51.52	-113.66
51.62	-124.13
51.72	-133.77
51.82	-142.83
51.92	-151.09
52.02	-154.84
52.12	-161.84
52.22	-168.10
52.33	-170.00
52.43	-175.10
52.53	-178.99
52.63	-182.14
52.73	-184.14
52.83	-185.38
52.93	-185.76
53.03	-185.32
53.13	-183.96
53.23	-181.41
53.34	-177.99
53.44	-174.09
53.54	-169.43
53.64	-163.96
53.74	-157.21
53.84	-150.10
53.94	-142.50
54.04	-134.12
54.14	-124.42
54.24	-114.95
54.35	-105.10
54.45	-94.29
54.55	-83.33
54.65	-72.06
54.75	-60.21
54.85	-48.20
54.95	-35.54
55.05	-23.36
55.15	-10.34
55.26	2.47
55.36	16.00
55.46	29.20
55.56	42.59
55.66	55.86
55.76	68.32
55.86	80.90
55.96	92.86
56.06	104.16
56.16	115.21
56.26	125.94
56.37	135.60
56.47	145.02
56.57	153.77
56.67	161.78
56.77	169.59
56.87	176.61
56.97	182.83
57.07	188.44
57.17	193.22
57.28	197.51
57.38	201.13
57.48	204.32
57.58	206.16
57.68	207.00
57.78	207.40
57.88	206.48
57.98	204.51
58.08	201.63
58.18	198.10
58.29	193.84
58.39	188.90
58.49	183.31
58.59	176.39
58.69	169.72
58.79	162.09
58.89	153.58
58.99	144.40
59.09	135.08
59.19	125.18
59.29	114.77
59.40	103.93
59.50	93.23
59.60	81.32
59.70	69.51
59.80	57.28
59.90	44.72
60.00	31.93
60.10	19.53
60.21	6.96
60.31	-5.39
60.41	-17.57
60.51	-30.04
60.61	-41.94
60.71	-53.49
60.81	-64.72
60.91	-75.83
61.01	-85.89
61.11	-96.20
61.21	-106.24
61.31	-115.42
61.42	-124.15
61.52	-132.20
61.62	-139.84
61.72	-146.34
61.82	-152.53
61.92	-158.10
62.02	-163.15
62.12	-166.59
62.22	-169.61
62.33	-171.88
62.43	-173.78
62.53	-174.50
62.63	-174.67
62.73	-173.94
62.83	-172.24
62.93	-169.78
63.03	-165.54
63.13	-161.51
63.24	-156.59
63.34	-150.66
63.44	-144.42
63.54	-137.60
63.64	-129.92
63.74	-121.68
63.84	-112.59
63.94	-103.71
64.04	-94.03
64.14	-84.08
64.25	-73.97
64.35	-63.27
64.45	-51.86
64.55	-40.07
64.65	-28.31
64.75	-16.15
64.85	-4.04
64.95	8.41
65.05	20.69
65.15	32.31
65.25	44.34
65.36	56.32
65.46	68.01
65.56	79.26
65.66	90.24
65.76	100.38
65.86	109.76
65.96	119.37
66.06	128.66
66.16	136.47
66.26	144.55
66.37	152.22
66.47	159.11
66.57	165.31
66.67	170.94
66.77	176.29
66.87	180.88
66.97	184.08
67.07	187.03
67.17	189.83
67.27	190.74
67.38	191.20
67.48	190.74
67.58	189.55
67.68	187.98
67.78	185.08
67.88	181.47
67.98	177.30
68.08	172.33
68.18	166.72
68.29	160.88
68.39	154.09
68.49	147.03
68.59	139.33
68.69	131.32
68.79	122.75
68.89	113.01
68.99	103.26
69.09	93.15
69.19	82.59
69.30	71.81
69.40	60.87
69.50	49.68
69.60	38.04
69.70	26.64
69.80	15.21
69.90	3.60
70.00	-7.88
70.10	-18.74
70.20	-29.95
70.30	-40.80
70.41	-51.76
70.51	-62.27
70.61	-72.76
70.71	-82.17
70.81	-91.36
70.91	-100.10
71.01	-108.44
71.11	-116.57
71.21	-123.99
71.32	-129.69
71.42	-135.61
71.52	-141.08
71.62	-145.12
71.72	-148.92
71.82	-152.32
71.92	-155.45
72.02	-157.23
72.12	-158.52
72.22	-158.89
72.33	-157.35
72.43	-156.13
72.53	-154.48
72.63	-151.75
72.73	-148.91
72.83	-145.47
72.93	-140.24
73.03	-135.48
73.13	-129.56
73.24	-123.93
73.34	-116.88
73.44	-109.19
73.54	-101.08
73.64	-91.78
73.74	-82.44
73.84	-73.02
73.94	-63.26
74.04	-54.35
74.14	-43.63
74.25	-32.70
74.35	-22.02
74.45	-11.42
74.55	-0.20
74.65	15.81
74.75	26.17
74.85	35.76
74.95	46.58
75.05	57.30
75.15	68.48
75.25	78.91
75.36	88.61
75.46	97.68
75.56	106.30
75.66	114.83
75.76	123.24
75.86	130.68
75.96	138.15
76.06	145.64
76.16	151.71
76.27	157.52
76.37	163.05
76.47	167.74
76.57	172.01
76.67	175.16
76.77	177.35
76.87	178.38
76.97	179.36
77.07	179.74
77.18	179.11
77.28	178.25
77.38	176.09
77.48	174.18
77.58	170.62
77.68	166.34
77.78	161.68
77.88	156.49
77.98	150.42
78.08	144.20
78.19	137.74
78.29	129.35
78.39	121.23
78.49	112.87
78.59	104.23
78.69	95.02
78.79	85.17
78.89	75.31
78.99	65.64
79.09	55.46
79.20	45.24
79.30	34.47
79.40	24.05
79.50	13.45
79.60	3.68
79.70	-7.26
79.80	-16.79
79.90	-26.36
80.00	-35.74
80.10	-45.85
80.20	-55.06
80.31	-63.21
80.41	-72.04
80.51	-81.29
80.61	-90.83
80.71	-98.69
80.81	-105.35
80.91	-107.68
81.01	-114.20
81.11	-119.49
81.22	-120.32
81.32	-124.95
81.42	-128.45
81.52	-131.33
81.62	-133.41
81.72	-136.14
81.82	-137.29
81.92	-136.57
82.02	-136.59
82.12	-130.91
82.23	-128.87
82.33	-126.92
82.43	-124.28
82.53	-120.66
82.63	-116.98
82.73	-112.43
82.83	-108.26
82.93	-102.20
83.04	-95.84
83.13	-88.70
83.24	-81.26
83.34	-73.80
83.44	-66.01
83.54	-58.06
83.64	-48.65
83.74	-39.47
83.84	-30.60
83.94	-20.67
84.04	-11.03
84.15	-2.23
84.25	8.73
84.35	18.94
84.45	28.40
84.55	38.23
84.65	47.86
84.75	56.12
84.85	65.71
84.95	74.68
85.05	82.40
85.15	90.88
85.26	99.08
85.36	107.38
85.46	119.61
85.56	126.53
85.66	132.90
85.76	139.26
85.86	144.49
85.96	149.67
86.06	151.39
86.16	155.32
86.27	158.55
86.37	161.27
86.47	163.46
86.57	164.64
86.67	165.20
86.77	164.29
86.87	163.58
86.97	162.55
87.07	160.42
87.18	157.80
87.28	155.01
87.38	151.36
87.48	146.79
87.58	142.55
87.68	137.18
87.78	131.32
87.88	122.20
87.98	114.74
88.08	107.65
88.19	101.17
88.29	93.11
88.39	84.96
88.49	80.16
88.59	71.50
88.69	61.33
88.79	51.26
88.89	41.60
88.99	31.92
89.09	22.17
89.20	12.16
89.30	2.25
89.40	-7.76
89.50	-17.47
89.60	-27.10
89.70	-36.84
89.80	-45.25
89.90	-54.14
90.00	-63.08
90.10	-71.18
90.21	-78.37
90.31	-85.55
90.41	-92.17
90.51	-100.31
90.61	-105.65
90.71	-110.47
90.81	-115.09
90.91	-119.39
91.01	-123.27
91.11	-126.35
91.22	-128.59
91.32	-130.31
91.42	-131.14
91.52	-131.78
91.62	-131.45
91.72	-131.37
91.82	-129.65
91.92	-127.57
92.02	-124.24
92.13	-121.53
92.23	-117.70
92.33	-113.72
92.43	-109.28
92.53	-103.47
92.63	-97.95
92.73	-92.20
92.83	-85.09
92.93	-79.18
93.04	-71.62
93.13	-64.34
93.24	-56.33
93.34	-48.61
93.44	-40.33
93.54	-30.91
93.64	-21.37
93.74	-12.80
93.84	-2.61
93.94	6.82
94.04	16.13
94.14	25.47
94.25	35.20
94.35	44.59
94.45	53.11
94.55	61.15
94.65	70.10
94.75	77.09
94.85	84.54
94.95	91.16
95.05	98.10
95.16	104.10
95.26	109.89
95.36	114.80
95.46	121.01
95.56	126.11
95.66	131.95
95.76	132.40
95.86	136.88
95.96	139.19
96.06	140.38
96.16	143.51
96.27	144.09
96.37	143.63
96.47	143.80
96.57	143.11
96.67	140.25
96.77	138.09
96.87	135.94
96.97	133.29
97.07	130.93
97.18	126.98
97.28	122.83
97.38	117.89
97.48	112.99
97.58	107.19
97.68	100.99
97.78	95.19
97.88	87.48
97.98	79.35
98.08	71.24
98.19	63.32
98.29	55.16
98.39	46.20
98.49	37.89
98.59	29.74
98.69	20.91
98.79	11.41
98.89	2.79
98.99	-5.90
99.09	-14.55
99.20	-23.03
99.30	-31.42
99.40	-39.35
99.50	-46.64
99.60	-54.55
99.70	-61.63
99.80	-68.59
99.90	-74.81
100.00	-81.67
100.11	-88.09
100.21	-93.34
100.31	-98.62
100.41	-102.74
100.51	-107.45
100.61	-111.03
100.71	-113.98
100.81	-116.43
100.91	-119.11
101.01	-121.30
101.11	-122.14
101.22	-122.53
101.32	-122.50
101.42	-121.48
101.52	-119.80
101.62	-117.81
101.72	-115.72
101.82	-111.94
101.92	-107.94
102.03	-103.09
102.13	-98.69
102.23	-92.90
102.33	-87.26
102.43	-81.00
102.53	-74.60
102.63	-68.02
102.73	-61.22
102.83	-53.75
102.93	-46.07
103.04	-38.86
103.14	-31.02
103.24	-22.32
103.34	-14.45
103.44	-5.48
103.54	3.04
103.64	11.24
103.74	20.18
103.84	28.87
103.94	37.03
104.05	46.43
104.15	55.20
104.25	63.69
104.35	71.11
104.45	78.90
104.55	85.71
104.65	92.27
104.75	98.81
104.85	104.62
104.95	109.89
105.06	114.39
105.16	119.17
105.26	123.62
105.36	127.53
105.46	130.96
105.56	133.01
105.66	134.96
105.76	136.71
105.86	138.48
105.97	139.45
106.07	139.73
106.17	138.79
106.27	137.95
106.37	136.31
106.47	134.49
106.57	132.02
106.67	129.02
106.77	125.31
106.88	121.55
106.98	117.87
107.08	112.98
107.18	108.28
107.28	102.86
107.38	95.97
107.48	90.32
107.58	84.21
107.68	77.40
107.79	70.13
107.89	61.87
107.99	54.08
108.09	45.97
108.19	37.82
108.29	29.68
108.39	21.70
108.49	13.26
108.59	5.20
108.69	-3.31
108.79	-11.74
108.90	-19.81
109.00	-27.87
109.10	-35.57
109.20	-42.79
109.30	-49.40
109.40	-55.83
109.50	-62.54
109.60	-68.72
109.70	-74.78
109.81	-81.29
109.91	-86.33
110.01	-90.76
110.11	-94.97
110.21	-99.17
110.31	-102.46
110.41	-105.44
110.51	-108.07
110.61	-110.17
110.71	-111.41
110.82	-110.89
110.92	-111.14
111.02	-110.84
111.12	-110.79
111.22	-109.40
111.32	-107.68
111.42	-105.15
111.52	-101.69
111.63	-97.66
111.73	-92.52
111.83	-89.55
111.93	-83.77
112.03	-78.68
112.13	-73.60
112.23	-67.87
112.33	-61.33
112.43	-54.01
112.54	-46.91
112.63	-40.46
112.74	-32.74
112.84	-25.00
112.94	-18.60
113.04	-9.82
113.14	-1.78
113.24	6.31
113.34	14.34
113.44	22.73
113.54	30.59
113.65	38.91
113.75	47.16
113.85	55.06
113.95	62.05
114.05	68.80
114.15	75.56
114.25	81.53
114.35	87.61
114.45	93.58
114.55	99.25
114.66	104.23
114.76	108.92
114.86	113.23
114.96	117.72
115.06	121.13
115.16	124.17
115.26	125.71
115.36	130.03
115.46	131.13
115.57	132.42
115.67	132.95
115.77	132.20
115.87	131.99
115.97	130.59
116.07	128.91
116.17	126.62
116.27	123.94
116.37	120.84
116.47	117.50
116.58	113.37
116.68	108.00
116.78	104.20
116.88	99.99
116.98	94.74
117.08	89.36
117.18	83.79
117.28	78.35
117.39	71.68
117.49	64.60
117.59	56.97
117.69	49.47
117.79	42.00
117.89	33.95
117.99	26.25
118.09	18.09
118.19	9.68
118.29	2.10
118.39	-5.61
118.50	-13.48
118.60	-20.95
118.70	-27.06
118.80	-34.40
118.90	-41.08
119.00	-47.78
119.10	-53.34
119.20	-59.27
119.30	-65.61
119.41	-71.18
119.51	-75.22
119.61	-79.61
119.71	-83.88
119.81	-86.93
119.91	-90.19
120.01	-92.63
120.11	-95.60
120.21	-98.72
120.31	-101.18
120.42	-102.52
120.52	-102.90
120.62	-101.75
120.72	-100.76
120.82	-99.63
120.92	-98.14
121.02	-96.74
121.12	-93.30
121.22	-89.38
121.33	-85.97
121.43	-82.17
121.53	-77.66
121.63	-73.63
121.73	-68.64
121.83	-63.21
121.93	-57.70
122.03	-51.72
122.13	-45.53
122.23	-39.15
122.34	-32.60
122.44	-25.72
122.54	-19.18
122.64	-11.72
122.74	-4.89
122.84	2.21
122.94	10.00
123.04	17.05
123.14	25.30
123.25	32.78
123.35	40.84
123.45	47.15
123.55	54.44
123.65	60.97
123.75	67.42
123.85	73.50
123.95	79.43
124.05	84.95
124.15	90.51
124.26	94.63
124.36	99.55
124.46	103.72
124.56	107.54
124.66	110.91
124.76	113.86
124.86	117.07
124.96	119.72
125.06	121.33
125.16	122.61
125.27	123.73
125.37	124.15
125.47	124.34
125.57	123.87
125.67	122.18
125.77	121.17
125.87	118.61
125.97	116.18
126.07	113.22
126.18	109.81
126.28	106.57
126.38	102.69
126.48	97.76
126.58	92.12
126.68	86.96
126.78	80.67
126.88	74.78
126.98	69.54
127.09	63.17
127.19	56.86
127.29	50.91
127.39	44.22
127.49	37.26
127.59	30.20
127.69	28.24
127.79	20.07
127.89	12.52
128.00	4.84
128.10	-2.55
128.20	-8.92
128.30	-15.92
128.40	-22.38
128.50	-28.86
128.60	-35.67
128.70	-41.63
128.80	-47.55
128.90	-53.07
129.01	-58.52
129.11	-63.34
129.21	-67.88
129.31	-72.73
129.41	-76.60
129.51	-80.72
129.61	-83.48
129.71	-86.41
129.81	-88.19
129.91	-90.03
130.02	-91.38
130.12	-92.06
130.22	-92.20
130.32	-91.99
130.42	-91.44
130.52	-89.87
130.62	-88.73
130.72	-86.09
130.82	-83.44
130.93	-80.42
131.03	-77.09
131.13	-73.74
131.23	-69.05
131.33	-59.30
131.43	-54.84
131.53	-50.19
131.63	-45.63
131.73	-40.10
131.83	-34.65
131.94	-29.36
132.04	-23.50
132.14	-17.07
132.24	-12.27
132.34	-6.00
132.44	0.80
132.54	7.71
132.64	14.42
132.74	21.10
132.84	28.29
132.95	35.23
133.05	41.87
133.15	48.17
133.25	54.67
133.35	60.83
133.45	66.39
133.55	72.37
133.65	76.75
133.75	81.92
133.86	86.72
133.96	91.38
134.06	95.61
134.16	99.73
134.26	103.15
134.36	106.04
134.46	108.34
134.56	111.17
134.66	118.11
134.76	118.81
134.87	119.87
134.97	120.27
135.07	120.36
135.17	119.59
135.27	118.26
135.37	116.65
135.47	114.32
135.57	112.00
135.67	109.25
135.77	106.89
135.88	103.79
135.98	100.25
136.08	93.29
136.18	89.13
136.28	84.82
136.38	80.28
136.48	75.52
136.58	69.99
136.69	64.19
136.79	58.33
136.89	52.41
136.99	45.84
137.09	39.30
137.19	32.64
137.29	26.05
137.39	19.35
137.49	12.68
137.59	3.70
137.70	-2.84
137.80	-9.14
137.90	-15.19
138.00	-20.83
138.10	-27.44
138.20	-32.81
138.30	-38.02
138.40	-43.37
138.50	-48.35
138.60	-53.84
138.71	-58.64
138.81	-62.96
138.91	-66.81
139.01	-69.97
139.11	-73.67
139.21	-76.49
139.31	-78.92
139.41	-80.92
139.51	-82.67
139.62	-84.04
139.72	-85.24
139.82	-85.38
139.92	-85.36
140.02	-84.19
140.12	-83.18
140.22	-81.77
140.32	-79.88
140.42	-77.74
140.52	-75.10
140.63	-72.40
140.73	-69.23
140.83	-65.62
140.93	-61.58
141.03	-57.71
141.13	-53.32
141.23	-48.50
141.33	-43.93
141.43	-38.63
141.54	-33.35
141.63	-27.58
141.74	-21.60
141.84	-15.27
141.94	-9.01
142.04	-2.71
142.14	3.88
142.24	10.43
142.34	16.81
142.44	23.52
142.54	29.74
142.65	35.56
142.75	41.63
142.85	47.55
142.95	52.52
143.05	57.84
143.15	62.95
143.25	68.05
143.35	72.90
143.45	77.26
143.55	81.79
143.66	91.50
143.76	95.18
143.86	98.92
143.96	102.17
144.06	104.97
144.16	107.32
144.26	108.85
144.36	110.51
144.46	111.13
144.57	111.83
144.67	117.09
144.77	116.58
144.87	115.35
144.97	113.88
145.07	112.19
145.17	110.08
145.27	107.73
145.38	104.94
145.48	101.94
145.58	98.55
145.68	94.77
145.78	91.03
145.88	86.88
145.98	82.33
146.08	77.57
146.18	72.79
146.28	67.45
146.38	62.18
146.49	57.17
146.59	51.21
146.69	45.00
146.79	39.00
146.89	32.70
146.99	26.56
147.09	20.49
147.19	12.01
147.29	5.91
147.40	-0.13
147.50	-5.88
147.60	-11.58
147.70	-17.90
147.80	-23.26
147.90	-28.60
148.00	-34.02
148.10	-38.82
148.20	-43.47
148.30	-48.30
148.41	-52.49
148.51	-56.36
148.61	-60.54
148.71	-63.87
148.81	-66.52
148.91	-69.05
149.01	-68.34
149.11	-70.43
149.21	-71.91
149.32	-73.11
149.41	-73.86
149.52	-73.91
149.62	-68.67
149.72	-68.33
149.82	-67.42
149.92	-66.15
150.02	-64.99
150.12	-62.99
150.22	-60.74
150.33	-57.95
150.43	-55.11
150.53	-51.95
150.63	-48.35
150.73	-44.78
150.83	-40.80
150.93	-36.76
151.03	-32.52
151.13	-27.79
151.23	-22.75
151.34	-17.96
151.44	-12.57
151.54	-7.19
151.64	-1.98
151.74	3.87
151.84	9.83
151.94	15.59
152.04	27.06
152.14	32.40
152.25	37.68
152.35	42.85
152.45	47.31
152.55	52.59
152.65	57.66
152.75	62.33
152.85	66.96
152.95	71.21
153.05	75.50
153.15	79.13
153.26	82.67
153.36	85.94
153.46	89.44
153.56	92.77
153.66	95.28
153.76	97.57
153.86	99.54
153.96	100.71
154.06	101.93
154.16	102.53
154.27	103.15
154.37	103.35
154.47	102.78
154.57	102.04
154.67	100.79
154.77	99.15
154.87	97.44
154.97	95.17
155.07	92.66
155.18	90.08
155.28	86.37
155.38	82.95
155.48	79.81
155.58	76.17
155.68	72.11
155.78	67.80
155.88	63.56
155.98	59.38
156.09	54.57
156.19	49.24
156.29	44.18
156.39	38.52
156.49	33.34
156.59	27.67
156.69	21.84
156.79	16.00
156.89	10.35
156.99	4.88
157.09	-0.61
157.20	-6.93
157.30	-12.34
157.40	-17.32
157.50	-22.45
157.60	-27.33
157.70	-32.06
157.80	-36.46
157.90	-40.64
158.00	-44.16
158.11	-47.85
158.21	-51.51
158.31	-54.78
158.41	-57.64
158.51	-59.91
158.61	-62.16
158.71	-63.96
158.81	-60.06
158.91	-61.56
159.01	-62.88
159.12	-63.78
159.22	-63.99
159.32	-64.14
159.42	-63.79
159.52	-63.10
159.62	-61.69
159.72	-60.06
159.82	-58.06
159.92	-56.05
160.02	-53.00
160.13	-50.25
160.23	-47.34
160.33	-44.17
160.43	-40.71
160.53	-36.43
160.63	-32.36
160.73	-28.24
160.83	-23.83
160.93	-19.38
161.04	-14.17
161.14	-8.86
161.24	-3.81
161.34	1.48
161.44	6.90
161.54	12.46
161.64	17.53
161.74	23.16
161.84	28.45
161.94	33.53
162.05	38.90
162.15	43.81
162.25	48.47
162.35	53.04
162.45	57.49
162.55	61.77
162.65	65.93
162.75	70.18
162.85	73.87
162.96	77.03
163.06	80.13
163.16	83.37
163.26	85.90
163.36	88.71
163.46	90.87
163.56	93.08
163.66	94.62
163.76	95.94
163.86	96.55
163.97	97.17
164.07	97.31
164.17	96.79
164.27	95.90
164.37	94.71
164.47	93.07
164.57	91.17
164.67	88.96
164.77	86.66
164.88	83.83
164.98	81.14
165.08	77.83
165.18	74.44
165.28	70.72
165.38	67.18
165.48	63.02
165.58	58.97
165.68	54.77
165.78	50.13
165.88	45.38
165.99	40.11
166.09	36.20
166.19	30.79
166.29	25.40
166.39	20.38
166.49	15.16
166.59	9.76
166.69	4.52
166.79	-0.56
166.90	-5.53
167.00	-10.65
167.10	-15.27
167.20	-20.01
167.30	-24.51
167.40	-28.78
167.50	-32.84
167.60	-36.70
167.70	-40.37
167.80	-43.95
167.91	-47.10
168.01	-49.99
168.11	-52.64
168.21	-54.91
168.31	-56.67
168.41	-58.13
168.51	-59.73
168.61	-60.69
168.71	-61.16
168.81	-61.50
168.91	-61.42
169.02	-61.10
169.12	-60.40
169.22	-59.28
169.32	-57.66
169.42	-55.93
169.52	-53.63
169.62	-51.60
169.72	-49.17
169.83	-46.21
169.93	-43.15
170.03	-35.44
170.13	-32.17
170.23	-28.71
170.33	-24.93
170.43	-21.13
170.53	-16.93
170.63	-12.58
170.73	-8.20
170.84	-3.69
170.94	1.24
171.04	5.93
171.14	11.29
171.24	16.02
171.34	20.72
171.44	25.33
171.54	30.27
171.64	35.05
171.75	39.55
171.85	43.82
171.95	47.88
172.05	51.99
172.15	55.89
172.25	59.24
172.35	62.43
172.45	66.16
172.55	69.60
172.65	72.57
172.75	75.84
172.86	78.20
172.96	80.89
173.06	83.00
173.16	84.55
173.26	86.37
173.36	87.70
173.46	88.57
173.56	88.99
173.66	88.79
173.77	88.50
173.87	87.92
173.97	86.88
174.07	85.78
174.17	84.34
174.27	82.58
174.37	80.20
174.47	78.04
174.57	75.89
174.67	73.09
174.78	70.09
174.88	66.98
174.98	63.73
175.08	60.30
175.18	56.63
175.28	53.15
175.38	48.49
175.48	44.42
175.58	39.80
175.69	35.31
175.79	30.79
175.89	26.15
175.99	21.25
176.09	16.43
176.19	11.61
176.29	6.88
176.39	2.04
176.49	-2.42
176.59	-8.69
176.70	-13.01
176.80	-17.36
176.90	-21.29
177.00	-25.43
177.10	-29.06
177.20	-32.70
177.30	-35.97
177.40	-39.02
177.50	-41.97
177.60	-44.47
177.71	-47.00
177.81	-49.20
177.91	-51.24
178.01	-52.92
178.11	-54.23
178.21	-55.02
178.31	-55.92
178.41	-50.92
178.51	-51.62
178.62	-51.44
178.72	-50.92
178.82	-49.97
178.92	-48.93
179.02	-47.68
179.12	-46.40
179.22	-45.58
179.32	-43.65
179.42	-41.46
179.52	-38.89
179.63	-36.05
179.73	-33.09
179.83	-29.84
179.93	-26.50
180.03	-22.92
180.13	-18.88
180.23	-14.68
180.33	-10.15
180.43	-5.64
180.54	-1.26
180.63	3.15
180.74	6.85
180.84	11.60
180.94	15.87
181.04	20.23
181.14	25.17
181.24	29.51
181.34	33.63
181.44	37.85
181.54	41.66
181.65	45.73
181.75	49.39
181.85	53.02
181.95	56.72
182.05	60.38
182.15	63.86
182.25	67.27
182.35	69.91
182.45	72.41
182.55	74.94
182.66	77.49
182.76	79.22
182.86	79.91
182.96	81.26
183.06	82.10
183.16	82.50
183.26	82.87
183.36	82.93
183.46	82.58
183.57	81.95
183.67	80.85
183.77	79.71
183.87	78.48
183.97	76.90
184.07	75.41
184.17	73.49
184.27	71.16
184.37	68.60
184.48	65.97
184.58	62.98
184.68	59.83
184.78	56.29
184.88	52.72
184.98	48.68
185.08	44.95
185.18	40.75
185.28	36.22
185.38	31.50
185.49	27.18
185.59	22.57
185.69	22.29
185.79	17.93
185.89	13.43
185.99	9.51
186.09	5.03
186.19	0.78
186.29	-3.61
186.39	-7.33
186.50	-11.36
186.60	-14.69
186.70	-18.46
186.80	-22.18
186.90	-25.83
187.00	-29.03
187.10	-32.23
187.20	-35.12
187.30	-37.76
187.41	-40.08
187.51	-42.17
187.61	-43.81
187.71	-45.37
187.81	-46.50
187.91	-47.03
188.01	-48.03
188.11	-48.38
188.21	-48.71
188.31	-48.37
188.41	-48.45
188.52	-47.83
188.62	-46.84
188.72	-45.50
188.82	-44.22
188.92	-42.51
189.02	-39.99
189.12	-37.59
189.22	-35.21
189.33	-32.60
189.43	-29.72
189.53	-26.48
189.63	-23.16
189.73	-19.75
189.83	-16.11
189.93	-12.36
190.03	-8.49
190.13	-4.31
190.23	0.05
190.33	4.30
190.44	8.43
190.54	12.41
190.64	16.54
190.74	20.71
190.84	24.18
190.94	28.37
191.04	32.20
191.14	36.09
191.24	39.94
191.35	43.79
191.45	47.50
191.55	51.53
191.65	54.95
191.75	58.10
191.85	61.55
191.95	64.37
192.05	66.85
192.15	69.01
192.25	70.96
192.36	72.06
192.46	73.61
192.56	74.53
192.66	75.55
192.76	76.02
192.86	76.47
192.96	76.65
193.06	76.77
193.16	76.18
193.26	75.87
193.37	74.83
193.47	73.98
193.57	72.93
193.67	71.44
193.77	69.87
193.87	68.12
193.97	66.22
194.07	63.41
194.17	60.59
194.27	57.86
194.38	54.71
194.48	51.38
194.58	47.81
194.68	44.02
194.78	40.32
194.88	36.20
194.98	31.99
195.08	27.99
195.18	23.99
195.29	20.04
195.39	16.04
195.49	12.34
195.59	8.22
195.69	4.31
195.79	0.94
195.89	-2.95
195.99	-6.65
196.09	-10.42
196.20	-13.95
196.30	-17.30
196.40	-20.59
196.50	-23.86
196.60	-26.92
196.70	-29.72
196.80	-32.43
196.90	-34.71
197.00	-36.78
197.10	-38.59
197.20	-40.16
197.31	-41.40
197.41	-42.53
197.51	-43.50
197.61	-44.13
197.71	-43.32
197.81	-43.66
197.91	-43.47
198.01	-43.10
198.11	-42.39
198.22	-41.53
198.32	-41.00
198.42	-39.85
198.52	-38.86
198.62	-37.16
198.72	-35.56
198.82	-33.13
198.92	-30.72
199.02	-28.09
199.12	-24.93
199.23	-21.78
199.33	-17.95
199.43	-14.30
199.53	-10.88
199.63	-7.09
199.73	-3.08
199.83	0.67
199.93	4.24
200.03	7.92
200.13	11.68
200.24	15.34
200.34	18.93
200.44	22.33
200.54	26.46
200.64	30.04
200.74	33.54
200.84	37.46
200.94	40.69
201.04	44.45
201.15	47.73
201.25	51.25
201.35	54.18
201.45	56.97
201.55	59.33
201.65	61.86
201.75	64.27
201.85	66.10
201.95	68.40
202.05	69.93
202.16	71.28
202.26	71.97
202.36	72.62
202.46	73.34
202.56	73.42
202.66	73.35
202.76	73.03
202.86	75.48
202.96	75.01
203.07	74.01
203.17	73.06
203.27	71.90
203.37	70.41
203.47	68.89
203.57	66.69
203.67	64.36
203.77	61.74
203.87	59.15
203.97	56.20
204.08	57.99
204.18	54.49
204.28	50.91
204.38	46.62
204.48	42.89
204.58	38.99
204.68	35.19
204.78	31.18
204.88	27.47
204.99	23.60
205.09	19.62
205.19	15.79
205.29	16.80
205.39	12.71
205.49	8.92
205.59	4.83
205.69	0.94
205.79	-2.61
205.89	-6.23
206.00	-9.77
206.10	-13.13
206.20	-16.32
206.30	-19.11
206.40	-22.10
206.50	-24.75
206.60	-27.26
206.70	-29.35
206.80	-31.03
206.90	-32.63
207.01	-34.60
207.11	-35.02
207.21	-36.12
207.31	-36.76
207.41	-37.07
207.51	-37.22
207.61	-37.11
207.71	-37.15
207.81	-36.29
207.91	-35.48
208.02	-34.56
208.12	-33.73
208.22	-32.19
208.32	-30.78
208.42	-28.99
208.52	-26.89
208.62	-24.55
208.72	-21.87
208.82	-19.43
208.92	-16.61
209.03	-13.43
209.13	-10.20
209.23	-6.49
209.33	-3.22
209.43	0.19
209.53	3.53
209.63	7.01
209.73	10.30
209.83	13.89
209.94	17.20
210.04	20.59
210.14	23.81
210.24	27.47
210.34	30.29
210.44	34.03
210.54	37.48
210.64	40.80
210.74	43.66
210.84	46.38
210.95	49.96
211.05	52.71
211.15	55.33
211.25	57.81
211.35	59.92
211.45	62.17
211.55	63.97
211.65	65.52
211.75	67.29
211.86	67.63
211.96	68.45
212.06	69.12
212.16	69.62
212.26	69.49
212.36	69.21
212.46	68.70
212.56	68.07
212.66	67.31
212.76	66.40
212.87	65.08
212.97	63.42
213.07	62.20
213.17	60.94
213.27	59.24
213.37	57.13
213.47	55.18
213.57	52.57
213.67	49.79
213.77	47.05
213.88	44.10
213.98	40.99
214.08	37.74
214.18	34.61
214.28	33.68
214.38	29.99
214.48	26.24
214.58	26.38
214.68	22.56
214.79	18.88
214.89	15.24
214.99	11.58
215.09	8.35
215.19	5.18
215.29	1.57
215.39	-1.76
215.49	-5.17
215.59	-8.06
215.69	-10.96
215.79	-13.91
215.90	-16.81
216.00	-19.52
216.10	-21.90
216.20	-24.30
216.30	-26.54
216.40	-28.21
216.50	-29.80
216.60	-31.31
216.70	-32.24
216.80	-33.13
216.91	-34.33
217.01	-34.51
217.11	-34.28
217.21	-34.37
217.31	-34.15
217.41	-33.84
217.51	-33.15
217.61	-32.24
217.71	-31.48
217.82	-30.31
217.92	-28.89
218.02	-27.10
218.12	-25.34
218.22	-23.28
218.32	-21.21
218.42	-19.00
218.52	-16.55
218.62	-14.07
218.73	-11.47
218.83	-8.40
218.93	-5.48
219.03	-2.55
219.13	0.17
219.23	3.27
219.33	6.55
219.43	10.03
219.53	13.37
219.63	16.46
219.74	19.73
219.84	23.10
219.94	26.04
220.04	29.09
220.14	32.28
220.24	35.52
220.34	38.49
220.44	41.32
220.54	43.90
220.64	46.56
220.75	48.83
220.85	51.49
220.95	54.16
221.05	56.11
221.15	58.05
221.25	59.50
221.35	60.77
221.45	61.88
221.55	62.54
221.66	63.06
221.76	63.16
221.86	63.20
221.96	63.29
222.06	62.98
222.16	62.83
222.26	62.44
222.36	61.57
222.46	60.84
222.56	59.65
222.66	58.51
222.77	56.99
222.87	55.39
222.97	53.62
223.07	51.54
223.17	48.71
223.27	46.38
223.37	43.91
223.47	41.46
223.58	38.79
223.68	36.10
223.78	33.29
223.88	31.38
223.98	28.56
224.08	25.48
224.18	22.51
224.28	19.38
224.38	16.41
224.48	13.14
224.58	10.14
224.69	7.58
224.79	4.85
224.89	1.96
224.99	-0.89
225.09	-3.75
225.19	-6.81
225.29	-9.52
225.39	-12.14
225.49	-15.04
225.60	-17.43
225.70	-19.66
225.80	-21.68
225.90	-22.89
226.00	-24.60
226.10	-25.87
226.20	-26.68
226.30	-28.34
226.40	-29.18
226.50	-29.42
226.61	-29.85
226.71	-30.25
226.81	-30.49
226.91	-29.97
227.01	-29.72
227.11	-29.43
227.21	-28.96
227.31	-28.01
227.41	-27.11
227.51	-25.91
227.62	-24.51
227.72	-22.79
227.82	-21.55
227.92	-19.47
228.02	-17.40
228.12	-15.13
228.22	-12.72
228.32	-9.83
228.42	-7.09
228.52	-4.39
228.63	-1.62
228.73	1.61
228.83	4.53
228.93	7.31
229.03	10.19
229.13	12.68
229.23	15.80
229.33	18.66
229.43	21.47
229.53	24.65
229.64	27.57
229.74	30.44
229.84	33.47
229.94	36.64
230.04	39.31
230.14	42.10
230.24	44.09
230.34	46.39
230.44	48.42
230.55	50.75
230.65	52.86
230.75	54.32
230.85	55.85
230.95	57.06
231.05	58.21
231.15	59.04
231.25	60.09
231.35	60.49
231.45	60.61
231.56	60.43
231.66	60.16
231.76	60.15
231.86	59.75
231.96	59.41
232.06	58.79
232.16	58.20
232.26	57.54
232.36	56.16
232.47	54.85
232.57	53.26
232.67	51.35
232.77	49.28
232.87	46.92
232.97	44.52
233.07	42.04
233.17	39.59
233.27	37.21
233.37	34.45
233.48	31.88
233.58	28.99
233.68	26.39
233.78	23.37
233.88	20.45
233.98	17.53
234.08	14.90
234.18	11.90
234.28	9.16
234.38	6.35
234.49	3.68
234.59	0.90
234.69	-1.90
234.79	-4.65
234.89	-7.27
234.99	-9.90
235.09	-12.31
235.19	-10.89
235.29	-12.85
235.40	-15.06
235.50	-16.95
235.60	-18.51
235.70	-20.33
235.80	-21.61
235.90	-22.78
236.00	-23.64
236.10	-24.86
236.20	-25.32
236.30	-25.70
236.41	-26.07
236.51	-26.11
236.61	-25.96
236.71	-26.11
236.81	-25.71
236.91	-25.17
237.01	-24.76
237.11	-23.87
237.21	-22.53
237.32	-21.10
237.41	-19.65
237.52	-17.67
237.62	-15.33
237.72	-13.47
237.82	-11.14
237.92	-8.89
238.02	-6.44
238.12	-3.97
238.22	-1.57
238.32	1.36
238.43	3.89
238.53	6.45
238.63	9.12
238.73	11.67
238.83	14.33
238.93	17.12
239.03	19.86
239.13	22.57
239.23	25.44
239.34	27.92
239.44	30.77
239.54	33.63
239.64	36.30
239.74	38.89
239.84	41.44
239.94	43.47
240.04	45.95
240.14	47.90
240.24	49.65
240.35	51.32
240.45	52.91
240.55	53.91
240.65	54.96
240.75	55.72
240.85	56.43
240.95	57.36
241.05	57.99
241.15	58.24
241.25	58.28
241.36	57.97
241.46	57.82
241.56	57.58
241.66	57.05
241.76	56.50
241.86	55.92
241.96	54.87
242.06	53.88
242.16	52.44
242.27	51.06
242.37	49.36
242.47	47.49
242.57	45.22
242.67	43.06
242.77	40.55
242.87	38.28
242.97	35.61
243.07	32.48
243.17	30.11
243.27	27.00
243.38	24.40
243.48	21.83
243.58	19.14
243.68	16.68
243.78	14.10
243.88	11.39
243.98	8.73
244.08	6.04
244.19	3.29
244.29	0.27
244.39	-2.14
244.49	-4.68
244.59	-6.70
244.69	-9.01
244.79	-11.06
244.89	-13.16
244.99	-15.35
245.09	-16.94
245.19	-18.59
245.30	-20.16
245.40	-20.90
245.50	-21.96
245.60	-22.61
245.70	-23.63
245.80	-24.20
245.90	-24.69
246.00	-25.30
246.10	-25.49
246.21	-25.56
246.30	-25.53
246.41	-25.46
246.51	-25.09
246.61	-24.43
246.71	-23.81
246.81	-22.97
246.91	-21.77
247.01	-20.68
247.11	-18.75
247.22	-17.06
247.32	-15.06
247.42	-13.05
247.52	-6.20
247.62	-4.29
247.72	-1.83
247.82	0.26
247.92	2.20
248.02	4.24
248.12	6.43
248.23	8.76
248.33	13.92
248.43	16.07
248.53	18.77
248.63	21.03
248.73	23.88
248.83	26.29
248.93	30.67
249.03	33.49
249.13	35.66
249.24	38.73
249.34	40.89
249.44	43.10
249.54	45.04
249.64	46.84
249.74	48.60
249.84	52.27
249.94	53.21
250.04	54.05
250.15	55.19
250.25	55.93
250.35	56.64
250.45	56.96
250.55	57.51
250.65	57.53
250.75	57.31
250.85	57.69
250.95	57.76
251.05	57.42
251.16	57.15
251.26	56.79
251.36	56.00
251.46	55.10
251.56	54.00
251.66	52.95
251.76	51.45
251.86	49.93
251.96	48.18
252.06	46.42
252.17	44.75
252.27	42.76
252.37	40.62
252.47	38.69
252.57	37.96
252.67	35.41
252.77	32.89
252.87	30.30
252.97	28.13
253.08	25.82
253.18	23.38
253.28	20.71
253.38	17.93
253.48	15.23
253.58	12.72
253.68	10.23
253.78	7.42
253.88	4.80
253.98	2.31
254.09	-0.55
254.19	-2.63
254.29	-4.85
254.39	-6.75
254.49	-8.67
254.59	-10.18
254.69	-11.92
254.79	-13.33
254.89	-14.81
254.99	-16.17
255.10	-17.46
255.20	-18.29
255.30	-19.02
255.40	-19.72
255.50	-20.44
255.60	-21.11
255.70	-21.46
255.80	-23.69
255.90	-24.00
256.01	-23.90
256.11	-22.81
256.21	-22.57
256.31	-21.89
256.41	-20.24
256.51	-19.23
256.61	-18.02
256.71	-16.32
256.81	-14.85
256.91	-13.26
257.02	-11.70
257.12	-9.86
257.22	-7.72
257.32	-5.78
257.42	-3.89
257.52	-1.70
257.62	0.49
257.72	2.61
257.82	4.73
257.92	7.24
258.02	9.73
258.13	12.55
258.23	15.47
258.33	17.94
258.43	20.80
258.53	23.36
258.63	25.59
258.73	27.41
258.83	29.59
258.93	31.71
259.04	34.02
259.14	36.17
259.24	37.71
259.34	39.13
259.44	40.52
259.54	41.25
259.64	42.73
259.74	44.20
259.84	45.44
259.95	46.72
260.05	47.73
260.15	48.69
260.25	49.51
260.35	50.38
260.45	50.96
260.55	51.47
260.65	51.29
260.75	51.23
260.85	50.77
260.95	50.38
261.06	49.76
261.16	48.87
261.26	47.93
261.36	46.53
261.46	45.20
261.56	43.69
261.66	42.51
261.76	41.13
261.86	39.38
261.97	37.46
262.07	35.99
262.17	34.19
262.27	32.23
262.37	29.97
262.47	27.82
262.57	25.68
262.67	23.19
262.77	20.93
262.88	18.89
262.98	16.59
263.08	14.16
263.18	11.70
263.28	9.27
263.38	7.06
263.48	4.90
263.58	2.56
263.68	0.68
263.78	-1.75
263.89	-3.57
263.99	-5.54
264.09	-7.11
264.19	-8.76
264.29	-10.27
264.39	-12.25
264.49	-13.49
264.59	-14.62
264.69	-16.64
264.79	-17.55
264.89	-18.43
265.00	-19.41
265.10	-19.84
265.20	-20.19
265.30	-20.33
265.40	-20.57
265.50	-20.29
265.60	-20.02
265.70	-19.77
265.80	-19.08
265.91	-18.53
266.01	-17.85
266.11	-16.86
266.21	-15.62
266.31	-14.39
266.41	-13.42
266.51	-11.90
266.61	-10.25
266.71	-8.59
266.82	-6.91
266.92	-4.71
267.02	-3.23
267.12	-0.92
267.22	1.03
267.32	3.08
267.42	5.22
267.52	7.56
267.62	9.83
267.72	12.34
267.83	14.48
267.93	16.90
268.03	22.66
268.13	25.27
268.23	27.26
268.33	29.15
268.43	30.84
268.53	32.60
268.63	34.32
268.73	35.95
268.83	37.50
268.94	38.88
269.04	40.54
269.14	41.86
269.24	45.82
269.34	46.87
269.44	47.78
269.54	48.84
269.64	49.90
269.75	50.65
269.85	50.97
269.95	51.42
270.05	51.60
270.15	51.32
270.25	51.16
270.35	50.85
270.45	50.41
270.55	49.34
270.65	49.02
270.76	48.27
270.86	47.50
270.96	46.68
271.06	45.65
271.16	44.51
271.26	43.14
271.36	41.78
271.46	40.44
271.56	39.02
271.67	37.52
271.77	35.89
271.87	34.25
271.97	31.99
272.07	29.89
272.17	27.59
272.27	25.26
272.37	23.25
272.47	21.34
272.57	19.12
272.67	16.91
272.78	14.87
272.88	12.72
272.98	10.94
273.08	9.39
273.18	8.87
273.28	6.93
273.38	4.98
273.48	2.88
273.58	0.84
273.69	-1.65
273.79	-3.67
273.89	-5.49
273.99	-7.01
274.09	-8.56
274.19	-10.23
274.29	-11.57
274.39	-12.79
274.49	-13.60
274.59	-14.17
274.70	-14.82
274.80	-15.42
274.90	-11.40
275.00	-11.93
275.10	-12.09
275.20	-6.98
275.30	-6.78
275.40	-7.14
275.50	-6.89
275.60	-6.64
275.70	-1.16
275.81	-0.85
275.91	-0.46
276.01	-0.09
276.11	0.27
276.21	0.85
276.31	1.71
276.41	2.63
276.51	3.74
276.61	4.96
276.72	6.46
276.82	7.94
276.92	9.74
277.02	11.95
277.12	14.11
277.22	16.25
277.32	18.04
277.42	19.74
277.52	21.35
277.62	23.18
277.73	25.02
277.83	26.27
277.93	27.96
278.03	28.81
278.13	30.32
278.23	31.70
278.33	33.37
278.43	34.90
278.53	36.65
278.64	38.22
278.73	39.56
278.84	40.93
278.94	42.99
279.04	43.94
279.14	44.69
279.24	45.16
279.34	46.05
279.44	46.65
279.54	47.11
279.64	47.51
279.75	47.48
279.85	47.16
279.95	47.20
280.05	45.99
280.15	45.79
280.25	45.35
280.35	44.83
280.45	44.29
280.55	43.68
280.66	43.34
280.76	42.38
280.86	41.41
280.96	40.24
281.06	39.03
281.16	37.57
281.26	35.95
281.36	34.25
281.46	32.19
281.57	30.18
281.67	28.32
281.77	26.40
281.87	24.53
281.97	23.25
282.07	21.09
282.17	19.39
282.27	17.12
282.37	15.06
282.47	13.06
282.58	10.86
282.68	8.91
282.78	7.27
282.88	5.30
282.98	3.39
283.08	1.47
283.18	-0.35
283.28	-1.84
283.38	-3.34
283.48	-4.83
283.58	-6.34
283.69	-7.72
283.79	-9.03
283.89	-10.33
283.99	-11.81
284.09	-12.77
284.19	-13.39
284.29	-13.97
284.39	-14.17
284.49	-14.46
284.60	-14.69
284.70	-14.80
284.80	-14.31
284.90	-13.90
285.00	-13.25
285.10	-12.84
285.20	-12.35
285.30	-11.88
285.40	-11.09
285.51	-10.28
285.61	-9.27
285.71	-8.40
285.81	-7.58
285.91	-6.55
286.01	-4.98
286.11	-3.48
286.21	-1.90
286.31	-0.66
286.41	1.12
286.52	3.07
286.62	9.86
286.72	11.37
286.82	12.75
286.92	14.47
287.02	15.94
287.12	17.79
287.22	19.50
287.32	21.13
287.42	22.67
287.52	24.54
287.63	25.96
287.73	27.41
287.83	28.89
287.93	30.40
288.03	31.78
288.13	33.34
288.23	34.92
288.33	36.53
288.44	38.00
288.54	39.60
288.64	40.47
288.74	41.55
288.84	42.42
288.94	43.05
289.04	43.60
289.14	43.77
289.24	43.83
289.34	44.14
289.44	44.08
289.55	44.03
289.65	43.82
289.75	43.73
289.85	43.40
289.95	43.08
290.05	42.07
290.15	40.97
290.25	40.27
290.35	39.26
290.45	38.39
290.56	40.42
290.66	39.40
290.76	38.08
290.86	39.73
290.96	37.59
291.06	34.96
291.16	38.06
291.26	36.16
291.36	33.85
291.47	32.76
291.57	30.77
291.67	28.68
291.77	26.55
291.87	24.47
291.97	22.00
292.07	22.10
292.17	19.74
292.27	17.76
292.38	16.32
292.48	14.40
292.58	12.28
292.68	10.22
292.78	8.46
292.88	6.48
292.98	4.41
293.08	2.34
293.18	0.87
293.28	-0.92
293.39	-2.22
293.49	-3.11
293.59	-4.41
293.69	-5.29
293.79	-6.17
293.89	-7.01
293.99	-7.51
294.09	-7.99
294.19	-8.19
294.29	-8.48
294.39	-8.76
294.50	-8.57
294.60	-8.54
294.70	-8.36
294.80	-8.29
294.90	-8.38
295.00	-8.21
295.10	-8.05
295.20	-7.50
295.30	-6.77
295.41	-6.08
295.51	-4.68
295.61	-3.90
295.71	-2.45
295.81	-1.33
295.91	0.09
296.01	1.83
296.11	3.64
296.21	5.41
296.31	7.14
296.42	9.13
296.52	10.93
296.62	12.53
296.72	14.15
296.82	15.80
296.92	17.66
297.02	19.22
297.12	20.76
297.22	22.32
297.32	23.81
297.42	25.62
297.53	26.94
297.63	28.24
297.73	29.73
297.83	31.19
297.93	32.63
298.03	34.00
298.13	35.20
298.23	36.79
298.33	37.95
298.44	39.15
298.54	40.20
298.64	41.04
298.74	41.73
298.84	42.15
298.94	42.24
299.04	42.13
299.14	42.17
299.24	44.76
299.34	44.17
299.45	43.82
299.55	43.43
299.65	43.10
299.75	42.60
299.85	41.82
299.95	41.38
300.05	40.46
300.15	39.79
300.25	38.70
300.36	37.76
300.46	36.57
300.56	35.40
300.66	34.28
300.76	32.91
300.86	31.27
300.96	29.45
301.06	27.33
301.16	25.71
301.26	23.68
301.37	22.14
301.47	20.64
301.57	19.45
301.67	18.03
301.77	16.63
301.87	14.90
301.97	13.45
302.07	12.03
302.17	10.68
302.27	8.75
302.38	7.21
302.48	5.60
302.58	3.97
302.68	2.27
302.78	1.01
302.88	-0.39
302.98	-1.62
303.08	-2.84
303.18	-4.10
303.29	-4.90
303.39	-6.05
303.49	-7.00
303.59	-7.65
303.69	-8.12
303.79	-8.31
303.89	-8.69
303.99	-8.81
304.09	-8.67
304.19	-8.14
304.29	-7.63
304.40	-7.40
304.50	-6.78
304.60	-6.34
304.70	-5.47
304.80	-5.10
304.90	-4.69
305.00	-0.66
305.10	0.22
305.20	0.61
305.30	1.48
305.41	2.31
305.51	3.39
305.61	4.37
305.71	5.80
305.81	7.41
305.91	8.84
306.01	10.50
306.11	12.38
306.21	14.26
306.32	15.79
306.42	17.50
306.52	19.63
306.62	21.15
306.72	22.44
306.82	23.82
306.92	25.03
307.02	26.58
307.12	27.90
307.22	29.35
307.32	30.64
307.43	31.95
307.53	32.96
307.63	34.06
307.73	35.80
307.83	37.36
307.93	38.65
308.03	39.61
308.13	40.28
308.23	40.87
308.33	41.08
308.44	41.47
308.54	41.70
308.64	41.76
308.74	41.93
308.84	41.98
308.94	41.88
309.04	41.54
309.14	40.81
309.24	40.27
309.35	39.76
309.45	44.22
309.55	43.51
309.65	43.33
309.75	42.61
309.85	41.48
309.95	40.56
310.05	39.73
310.15	38.60
310.26	37.07
310.36	35.71
310.46	34.03
310.56	32.33
310.66	30.26
310.76	28.65
310.86	26.71
310.96	24.93
311.06	23.33
311.16	21.57
311.27	19.94
311.37	18.29
311.47	16.63
311.57	15.29
311.67	13.78
311.77	12.34
311.87	10.67
311.97	9.24
312.07	7.48
312.17	6.30
312.27	5.04
312.38	3.89
312.48	2.19
312.58	0.83
312.68	-0.31
312.78	-1.94
312.88	-2.70
312.98	-3.46
313.08	-4.29
313.19	-5.17
313.29	-5.67
313.39	-5.78
313.49	-5.84
313.59	-6.05
313.69	-6.15
313.79	-5.79
313.89	-5.60
313.99	-5.42
314.09	-5.05
314.19	-4.90
314.30	-4.65
314.40	-4.17
314.50	-3.81
