28.99	320.85
29.09	320.55
29.20	320.78
29.30	321.19
29.40	322.18
29.50	322.17
29.60	321.71
29.70	320.58
29.80	320.80
29.90	321.06
30.00	320.95
30.10	321.01
30.21	320.96
30.31	322.71
0.00	-37.50
0.10	-26.22
0.20	-17.31
0.30	-10.70
0.40	-5.56
0.50	-2.54
0.61	-1.76
0.71	-1.82
0.81	-3.63
0.91	-7.35
1.01	-12.23
1.11	-17.77
1.21	-25.88
1.31	-34.09
1.41	-42.53
1.51	-52.56
1.61	-63.63
1.72	-74.70
1.82	-86.46
1.92	-99.64
2.02	-112.31
2.12	-124.04
2.22	-137.19
2.32	-150.33
2.42	-162.71
2.52	-175.58
2.62	-188.20
2.72	-199.94
2.83	-211.19
2.93	-222.88
3.03	-232.29
3.13	-242.02
3.23	-251.67
3.33	-260.24
3.43	-268.18
3.53	-275.77
3.63	-282.48
3.74	-287.26
3.84	-290.89
3.94	-294.90
4.04	-296.80
4.14	-298.21
4.24	-299.30
4.34	-298.49
4.44	-296.41
4.54	-294.19
4.64	-290.63
4.75	-285.45
4.85	-279.48
4.95	-273.00
5.05	-264.75
5.15	-255.62
5.25	-246.09
5.35	-235.28
5.45	-223.42
5.55	-211.50
5.65	-198.27
5.75	-183.96
5.86	-169.76
5.96	-155.22
6.06	-139.81
6.16	-123.22
6.26	-107.06
6.36	-90.81
6.46	-73.87
6.56	-57.17
6.66	-40.31
6.76	-23.55
6.86	-7.02
6.97	9.18
7.07	25.97
7.17	42.32
7.27	58.46
7.37	74.53
7.47	90.21
7.57	104.85
7.67	119.90
7.77	133.91
7.88	147.16
7.98	159.56
8.08	171.93
8.18	182.98
8.28	192.58
8.38	202.10
8.48	210.95
8.58	218.00
8.68	223.35
8.78	228.93
8.89	232.99
8.99	235.79
9.09	238.15
9.19	239.04
9.29	239.29
9.39	238.82
9.49	236.98
9.59	234.13
9.69	230.83
9.79	226.54
9.89	221.11
10.00	214.40
10.10	207.98
10.20	199.68
10.30	190.55
10.40	186.82
10.50	175.98
10.60	164.43
10.70	152.66
10.80	140.28
10.90	127.01
11.01	113.86
11.11	100.32
11.21	86.15
11.31	71.85
11.41	57.85
11.51	43.46
11.61	28.99
11.71	14.89
11.81	0.44
11.92	-14.08
12.02	-28.07
12.12	-41.42
12.22	-54.85
12.32	-68.01
12.42	-80.36
12.52	-92.59
12.62	-104.66
12.72	-115.03
12.82	-125.38
12.93	-135.26
13.03	-143.84
13.13	-151.75
13.23	-159.16
13.33	-166.36
13.43	-171.94
13.53	-177.54
13.63	-182.06
13.73	-185.56
13.84	-188.18
13.94	-190.37
14.04	-191.20
14.14	-191.09
14.24	-190.44
14.34	-188.77
14.44	-185.98
14.54	-183.18
14.64	-179.02
14.74	-173.77
14.84	-167.73
14.95	-161.55
15.05	-154.02
15.15	-145.92
15.25	-137.87
15.35	-128.18
15.45	-118.12
15.55	-108.06
15.65	-96.91
15.75	-85.41
15.85	-74.24
15.96	-62.58
16.06	-50.45
16.16	-37.83
16.26	-25.29
16.36	-13.02
16.46	-0.37
16.56	11.65
16.66	23.21
16.76	35.80
16.86	47.76
16.97	59.22
17.07	70.76
17.17	82.23
17.27	93.61
17.37	104.43
17.47	114.66
17.57	123.88
17.67	133.58
17.77	142.26
17.87	149.74
17.98	157.16
18.08	164.10
18.18	169.84
18.28	174.20
18.38	178.74
18.48	182.30
18.58	184.69
18.68	186.95
18.78	192.06
18.88	192.20
18.99	191.99
19.09	190.89
19.19	189.20
19.29	186.59
19.39	183.61
19.49	179.78
19.59	175.44
19.69	170.52
19.79	164.99
19.90	158.24
20.00	150.83
20.10	143.04
20.20	134.89
20.30	125.99
20.40	117.04
20.50	107.29
20.60	97.48
20.70	87.60
20.80	77.42
20.90	66.70
21.01	56.12
21.11	46.06
21.21	35.61
21.31	24.73
21.41	13.99
21.51	3.09
21.61	-7.86
21.71	-17.97
21.81	-28.32
21.92	-38.71
22.02	-48.87
22.12	-57.88
22.22	-67.08
22.32	-76.23
22.42	-83.97
22.52	-91.77
22.62	-99.33
22.72	-105.66
22.82	-111.93
22.93	-117.68
23.03	-122.70
23.13	-126.67
23.23	-131.38
23.33	-134.56
23.43	-136.83
23.53	-138.09
23.63	-139.59
23.73	-139.86
23.83	-139.77
23.94	-139.13
24.04	-137.47
24.14	-135.20
24.24	-132.59
24.34	-129.56
24.44	-125.38
24.54	-120.96
24.64	-116.26
24.74	-110.45
24.85	-104.38
24.95	-98.01
25.05	-90.81
25.15	-83.17
25.25	-75.51
25.35	-67.08
25.45	-57.98
25.55	-49.23
25.65	-40.57
25.75	-31.54
25.86	-22.61
25.96	-13.33
26.06	-3.67
26.16	5.67
26.26	14.38
26.36	23.66
26.46	32.63
26.56	41.35
26.66	50.18
26.76	59.52
26.86	67.85
26.97	75.60
27.07	84.42
27.17	92.05
27.27	99.10
27.37	106.80
27.47	113.56
27.57	119.38
27.67	124.81
27.77	129.57
27.87	133.14
27.98	136.48
28.08	139.76
28.18	142.52
28.28	144.04
28.38	145.14
28.48	146.39
28.58	146.42
28.68	146.35
28.78	145.63
28.89	143.75
28.99	141.81
29.09	139.72
29.19	137.38
29.29	134.01
29.39	130.21
29.49	125.80
29.59	120.76
29.69	115.57
29.79	109.95
29.90	103.85
30.00	97.16
30.10	90.40
30.20	83.33
30.30	75.66
30.40	68.38
30.50	60.46
30.60	52.34
30.70	44.42
30.80	36.60
30.91	28.27
31.01	20.01
31.11	12.01
31.21	3.65
31.31	-4.68
31.41	-12.04
31.51	-19.89
31.61	-27.55
31.71	-35.02
31.81	-41.52
31.92	-48.54
32.02	-54.87
32.12	-60.77
32.22	-66.48
32.32	-71.76
32.42	-76.17
32.52	-81.21
32.62	-85.55
32.72	-89.02
32.83	-92.32
32.93	-95.46
33.03	-97.58
33.13	-99.01
33.23	-100.95
33.33	-101.56
33.43	-101.68
33.53	-101.40
33.63	-100.68
33.73	-99.19
33.84	-97.48
33.94	-95.61
34.04	-93.18
34.14	-89.92
34.24	-86.52
34.34	-82.70
34.44	-77.81
34.54	-73.17
34.64	-68.11
34.74	-62.71
34.84	-56.82
34.95	-50.73
35.05	-44.19
35.15	-37.58
35.25	-30.86
35.35	-23.96
35.45	-16.76
35.55	-9.83
35.65	-3.08
35.75	4.07
35.86	11.22
35.96	17.66
36.06	24.37
36.16	31.30
36.26	38.19
36.36	49.78
36.46	56.14
36.56	61.83
36.66	67.69
36.76	73.66
36.87	78.72
36.97	83.69
37.07	89.10
37.17	93.80
37.27	97.86
37.37	101.72
37.47	105.18
37.57	108.07
37.67	110.82
37.77	114.73
37.87	116.09
37.98	116.94
38.08	117.49
38.18	117.86
38.28	117.62
38.38	116.89
38.48	115.80
38.58	114.76
38.68	113.17
38.78	111.26
38.88	109.20
38.99	106.59
39.09	103.76
39.19	100.32
39.29	96.40
39.39	92.43
39.49	87.91
39.59	82.87
39.69	77.72
39.79	72.74
39.90	67.10
40.00	61.14
40.10	55.69
40.20	49.65
40.30	43.52
40.40	37.44
40.50	31.42
40.60	25.20
40.70	18.84
40.80	12.65
40.90	6.37
41.01	0.45
41.11	-5.37
41.21	-10.86
41.31	-16.16
41.41	-21.30
41.51	-26.69
41.61	-32.20
41.71	-37.09
41.81	-42.09
41.92	-46.84
42.02	-50.89
42.12	-54.35
42.22	-57.93
42.32	-60.88
42.42	-63.54
42.52	-65.86
42.62	-68.17
42.72	-69.61
42.82	-70.63
42.93	-71.55
43.03	-71.97
43.13	-71.72
43.23	-71.49
43.33	-70.81
43.43	-69.32
43.53	-62.51
43.63	-61.28
43.73	-59.32
43.83	-57.50
43.93	-54.88
44.04	-52.08
44.14	-48.88
44.24	-45.53
44.34	-41.61
44.44	-37.68
44.54	-33.69
44.64	-29.51
44.74	-25.03
44.84	-20.43
44.94	-15.66
45.04	-10.23
45.15	-6.47
45.25	-1.39
45.35	3.53
45.45	8.95
45.55	14.25
45.65	19.09
45.75	24.34
45.85	28.87
45.95	33.68
46.06	38.74
46.16	43.60
46.26	48.17
46.36	52.52
46.46	57.14
46.56	60.93
46.66	64.89
46.76	68.64
46.86	72.26
46.96	75.70
47.06	79.01
47.17	81.81
47.27	83.82
47.37	85.88
47.47	88.24
47.57	89.57
47.67	90.35
47.77	91.58
47.87	91.60
47.97	91.27
48.07	91.06
48.18	90.35
48.28	88.84
48.38	87.99
48.48	86.39
48.58	84.42
48.68	82.30
48.78	80.09
48.88	77.23
48.98	74.52
49.09	71.45
49.19	68.22
49.29	64.41
49.39	60.14
49.49	56.28
49.59	52.32
49.69	48.15
49.79	44.15
49.89	39.39
49.99	34.77
50.10	30.53
50.20	25.75
50.30	21.32
50.40	16.75
50.50	12.16
50.60	7.56
50.70	3.48
50.80	-0.70
50.90	-5.41
51.00	-9.39
51.10	-13.17
51.21	-17.11
51.31	-20.86
51.41	-24.71
51.51	-28.63
51.61	-31.80
51.71	-34.66
51.81	-37.52
51.91	-40.15
52.01	-41.99
52.11	-43.89
52.22	-45.55
52.32	-47.27
52.42	-48.56
52.52	-49.48
52.62	-50.15
52.72	-50.40
52.82	-50.38
52.92	-50.21
53.02	-49.50
53.12	-48.52
53.22	-47.45
53.33	-45.82
53.43	-44.13
53.53	-42.33
53.63	-34.61
53.73	-32.38
53.83	-30.01
53.93	-27.61
54.03	-24.83
54.13	-21.89
54.24	-19.04
54.34	-15.84
54.44	-12.30
54.54	-9.18
54.64	-5.58
54.74	-1.95
54.84	1.35
54.94	4.98
55.04	9.48
55.14	13.66
55.24	17.53
55.35	21.50
55.45	25.88
55.55	29.83
55.65	33.44
55.75	36.92
55.85	40.07
55.95	43.12
56.05	46.46
56.15	49.59
56.26	52.41
56.36	55.29
56.46	58.13
56.56	60.27
56.66	62.76
56.76	64.82
56.86	66.83
56.96	68.99
57.06	70.54
57.16	71.76
57.27	72.67
57.37	73.29
57.47	73.92
57.57	73.78
57.67	73.34
57.77	72.82
57.87	72.18
57.97	71.07
58.07	69.92
58.17	68.42
58.27	66.50
58.38	64.88
58.48	63.33
58.58	60.52
58.68	58.24
58.78	55.83
58.88	53.44
58.98	50.91
59.08	48.37
59.18	45.50
59.28	42.23
59.38	39.61
59.49	36.28
59.59	32.87
59.69	29.48
59.79	26.10
59.89	22.40
59.99	19.88
60.09	16.38
60.19	12.91
60.29	9.27
60.40	5.65
60.50	2.12
60.60	-1.23
60.70	-4.57
60.80	-7.74
60.90	-11.01
61.00	-13.86
61.10	-16.11
61.20	-18.81
61.30	-21.22
61.40	-23.16
61.51	-25.10
61.61	-27.09
61.71	-28.64
61.81	-30.21
61.91	-31.60
62.01	-32.67
62.11	-33.43
62.21	-34.01
62.31	-34.76
62.41	-34.67
62.52	-34.54
62.62	-34.71
62.72	-34.13
62.82	-33.17
62.92	-32.41
63.02	-31.44
63.12	-29.82
63.22	-28.58
63.32	-26.80
63.43	-24.61
63.53	-22.73
63.63	-20.59
63.73	-18.06
63.83	-15.51
63.93	-13.33
64.03	-10.82
64.13	-7.93
64.23	-5.18
64.33	-2.67
64.43	0.46
64.54	3.54
64.64	6.36
64.74	9.54
64.84	12.82
64.94	15.88
65.04	19.18
65.14	22.37
65.24	25.00
65.34	27.70
65.44	31.32
65.54	33.95
65.65	36.36
65.75	44.49
65.85	46.91
65.95	48.82
66.05	50.78
66.15	52.34
66.25	53.47
66.35	54.55
66.45	55.82
66.55	56.73
66.66	57.64
66.76	58.86
66.86	59.52
66.96	60.09
67.06	60.74
67.16	61.20
67.26	60.89
67.36	60.45
67.46	60.57
67.56	59.94
67.66	59.55
67.77	58.47
67.87	57.90
67.97	56.50
68.07	54.93
68.17	53.13
68.27	51.57
68.37	50.00
68.47	48.15
68.57	45.99
68.68	43.64
68.78	41.71
68.88	39.52
68.98	37.05
69.08	34.49
69.18	32.02
69.28	29.42
69.38	27.05
69.48	24.74
69.58	22.11
69.69	19.35
69.79	15.88
69.89	13.09
69.99	10.19
70.09	7.78
70.19	4.99
70.29	2.29
70.39	-0.48
70.49	-2.70
70.59	-4.97
70.69	-6.82
70.80	-8.98
70.90	-10.93
71.00	-12.68
71.10	-13.80
71.20	-15.21
71.30	-16.45
71.40	-17.48
71.50	-18.60
71.60	-19.52
71.70	-20.15
71.81	-20.94
71.91	-21.49
72.01	-21.57
72.11	-21.59
72.21	-22.11
72.31	-21.85
72.41	-21.51
72.51	-20.79
72.61	-20.25
72.71	-19.48
72.82	-18.16
72.92	-17.10
73.02	-15.50
73.12	-13.47
73.22	-11.95
73.32	-10.45
73.42	-8.43
73.52	-6.76
73.62	-4.57
73.72	-2.34
73.83	-0.47
73.93	1.35
74.03	3.53
74.13	5.81
74.23	8.02
74.33	10.11
74.43	12.21
74.53	14.10
74.63	16.39
74.73	18.77
74.83	20.89
74.94	23.04
75.04	24.89
75.14	27.04
75.24	29.14
75.34	31.19
75.44	33.48
75.54	35.10
75.64	37.30
75.75	39.13
75.84	40.43
75.95	41.55
76.05	42.88
76.15	44.08
76.25	44.78
76.35	45.79
76.45	46.35
76.55	46.38
76.65	46.71
76.75	47.58
76.86	47.85
76.96	47.86
77.06	47.71
77.16	47.73
77.26	46.69
77.36	43.01
77.46	42.71
77.56	42.02
77.66	41.32
77.76	40.75
77.86	39.62
77.97	38.39
78.07	37.12
78.17	35.21
78.27	33.60
78.37	32.02
78.47	30.47
78.57	28.70
78.67	26.86
78.77	25.37
78.87	23.60
78.98	21.52
79.08	19.99
79.18	17.99
79.28	15.44
79.38	13.67
79.48	12.24
79.58	10.38
79.68	8.76
79.78	7.32
79.88	5.45
79.99	3.78
80.09	1.99
80.19	0.24
80.29	-1.27
80.39	-2.96
80.49	-4.86
80.59	-6.12
80.69	-7.46
80.79	-8.19
80.89	-9.38
81.00	-10.06
81.10	-10.76
81.20	-11.47
81.30	-11.69
81.40	-12.26
81.50	-12.60
81.60	-12.62
81.70	-12.84
81.80	-12.69
81.90	-12.96
82.01	-12.76
82.11	-12.27
82.21	-12.16
82.31	-11.75
82.41	-11.06
82.51	-10.51
82.61	-9.89
82.71	-9.24
82.81	-8.38
82.91	-7.21
83.01	-5.75
83.12	-4.46
83.22	-2.89
83.32	-0.94
83.42	0.60
83.52	2.17
83.62	3.66
83.72	5.68
83.82	7.65
83.92	9.16
84.02	10.86
84.12	12.46
84.23	13.99
84.33	15.64
84.43	17.21
84.53	18.60
84.63	20.27
84.73	22.00
84.83	23.75
84.93	25.32
85.04	27.15
85.14	28.09
85.24	29.39
85.34	30.82
85.44	32.53
85.54	33.60
85.64	34.82
85.74	36.08
85.84	37.43
85.94	38.16
86.04	39.00
86.15	39.30
86.25	39.53
86.35	39.56
86.45	39.98
86.55	39.73
86.65	39.34
86.75	39.28
86.85	39.41
86.95	38.79
87.05	38.30
87.15	37.94
87.26	37.39
87.36	36.67
87.46	36.34
87.56	35.57
87.66	34.89
87.76	34.30
87.86	32.93
87.96	31.69
88.06	30.45
88.16	29.18
88.27	27.62
88.37	26.14
88.47	24.93
88.57	23.44
88.67	22.11
88.77	20.66
88.87	19.07
88.97	17.47
89.07	16.00
89.18	14.85
89.28	13.76
89.38	12.37
89.48	11.15
89.58	9.74
89.68	8.50
89.78	7.83
89.88	6.54
89.98	5.46
90.08	4.09
90.18	2.78
90.29	1.39
90.39	0.42
90.49	-0.70
90.59	-1.81
90.69	-2.57
90.79	-3.04
90.89	-3.89
90.99	-4.60
91.09	-4.02
91.19	-4.02
91.29	-4.31
91.40	-4.20
91.50	-4.24
91.60	-4.13
91.70	-3.82
91.80	-3.38
91.90	-3.21
92.00	-2.55
92.10	-1.92
92.20	-1.58
92.30	-0.40
92.40	0.37
92.51	1.00
92.61	1.05
92.71	2.25
92.81	3.14
92.91	4.23
93.01	5.22
93.11	6.36
93.21	7.54
93.31	8.91
93.41	10.47
93.52	11.79
93.62	13.05
93.72	14.40
93.82	16.08
93.92	17.38
94.02	18.61
94.12	19.73
94.22	20.64
94.32	21.56
94.43	22.88
94.53	23.64
94.63	24.46
94.73	25.38
94.83	26.36
94.93	27.20
95.03	28.44
95.13	29.11
95.23	29.81
95.33	30.42
95.43	31.40
95.54	32.23
95.64	32.52
95.74	32.99
95.84	33.59
95.94	33.61
96.04	33.78
96.14	33.74
96.24	33.80
96.34	33.71
96.44	33.18
96.54	32.87
96.65	32.23
96.75	32.11
96.85	31.91
96.95	31.31
97.05	30.90
97.15	30.10
97.25	29.50
97.35	29.02
97.45	28.22
97.55	27.41
97.66	26.54
97.76	25.56
97.86	24.69
97.96	23.80
98.06	22.91
98.16	21.92
98.26	20.57
98.36	19.29
98.46	18.03
98.57	16.73
98.67	15.54
98.77	14.51
98.87	13.94
98.97	12.89
99.07	12.25
99.17	11.18
99.27	10.32
99.37	9.56
99.47	8.73
99.57	7.84
99.68	6.95
99.78	6.10
99.88	4.95
99.98	4.05
100.08	3.35
100.18	2.93
100.28	2.58
100.38	7.06
100.48	6.40
100.58	5.48
100.69	5.06
100.79	4.66
100.89	4.37
100.99	3.90
101.09	3.96
101.19	3.66
101.29	3.48
101.39	4.15
101.49	4.30
101.59	4.33
101.70	4.61
101.80	5.23
101.90	5.22
102.00	5.71
102.10	6.33
102.20	6.66
102.30	7.33
102.40	7.81
102.50	8.17
102.60	8.46
102.71	9.04
102.81	10.09
102.91	11.08
103.01	11.93
103.11	13.03
103.21	14.13
103.31	15.32
103.41	16.56
103.51	17.38
103.61	18.11
103.72	19.40
103.82	20.53
103.92	21.36
104.02	18.09
104.12	18.94
104.22	20.14
104.32	21.13
104.42	21.98
104.52	22.88
104.63	23.53
104.73	24.31
104.83	25.34
104.93	25.87
105.03	26.23
105.13	26.82
105.23	27.18
105.33	27.67
105.43	28.34
105.54	28.62
105.63	28.79
105.74	29.10
105.84	29.09
105.94	29.39
106.04	29.47
106.14	28.95
106.24	28.50
106.34	28.47
106.44	28.35
106.54	27.83
106.65	27.54
106.75	27.21
106.85	26.50
106.95	25.93
107.05	25.63
107.15	24.95
107.25	24.60
107.35	26.37
107.45	25.75
107.55	24.82
107.66	24.28
107.76	23.56
107.86	22.48
107.96	21.41
108.06	20.14
108.16	19.03
108.26	17.83
108.36	16.79
108.46	15.95
108.57	15.30
108.67	14.54
108.77	13.81
108.87	12.77
108.97	12.23
109.07	11.77
109.17	11.08
109.27	10.38
109.37	9.61
109.47	9.13
109.58	8.52
109.68	8.30
109.78	7.73
109.88	6.99
109.98	6.19
110.08	5.98
110.18	5.69
110.28	5.30
110.38	5.04
110.48	3.88
110.58	3.69
110.69	2.91
110.79	8.71
110.89	8.87
110.99	8.68
111.09	8.55
111.19	8.72
111.29	9.13
111.39	9.63
111.50	9.45
111.60	15.32
111.70	15.06
111.80	15.20
111.90	15.39
112.00	15.22
112.10	15.56
112.20	15.43
112.30	15.41
112.40	15.69
112.50	16.36
112.61	16.64
112.71	17.21
112.81	17.80
112.91	18.16
113.01	18.75
113.11	19.31
113.21	19.45
113.31	20.22
113.41	20.81
113.51	21.42
113.62	21.85
113.72	22.36
113.82	22.59
113.92	22.91
114.02	24.52
114.12	25.14
114.22	25.03
114.32	25.03
114.42	25.43
114.53	25.66
114.63	25.88
114.73	26.08
114.83	26.43
114.93	26.76
115.03	26.87
115.13	27.27
115.23	26.61
115.33	26.68
115.43	26.85
115.54	32.00
115.64	31.65
115.74	31.47
115.84	31.10
115.94	30.84
116.04	30.25
116.14	29.59
116.24	29.01
116.34	28.06
116.45	27.51
116.55	27.33
116.65	26.71
116.75	26.03
116.85	25.58
116.95	25.05
117.05	24.45
117.15	23.62
117.25	23.09
117.36	22.29
117.45	21.62
117.56	20.64
117.66	20.21
117.76	19.45
117.86	18.38
117.96	17.46
118.06	16.69
118.16	15.95
118.26	15.15
118.36	14.80
118.47	14.06
118.57	13.25
118.67	12.39
118.77	12.12
118.87	13.46
118.97	13.04
119.07	12.59
119.17	12.16
119.27	11.80
119.37	11.36
119.48	10.99
119.58	10.44
119.68	10.02
119.78	12.22
119.88	11.71
119.98	11.22
120.08	15.71
120.18	14.78
120.29	14.04
120.39	13.69
120.49	13.35
120.59	13.03
120.69	12.88
120.79	12.64
120.89	12.41
120.99	12.64
121.09	12.90
121.19	12.96
121.29	16.11
121.40	16.16
121.50	15.85
121.60	17.31
121.70	17.34
121.80	17.47
121.90	17.50
122.00	17.47
122.10	17.35
122.20	17.58
122.30	17.45
122.41	17.83
122.51	18.09
122.61	18.44
122.71	18.76
122.81	19.48
122.91	19.75
123.01	20.36
123.11	21.10
123.21	21.54
123.32	21.81
123.42	21.92
123.52	22.33
123.62	22.56
123.72	22.58
123.82	22.95
123.92	23.06
124.02	23.80
124.12	24.11
124.22	24.01
124.32	24.41
124.43	24.59
124.53	24.96
124.63	25.31
124.73	25.44
124.83	25.67
124.93	25.79
125.03	25.95
125.13	26.05
125.23	26.00
125.34	25.60
125.44	25.67
125.54	25.49
125.64	24.96
125.74	24.46
125.84	23.49
125.94	23.32
126.04	22.65
126.14	22.12
126.25	21.76
126.35	21.32
126.45	20.91
126.55	20.91
126.65	20.52
126.75	20.34
126.85	19.72
126.95	19.49
127.05	19.01
127.15	18.46
127.26	18.04
127.36	17.29
127.46	16.92
127.56	16.33
127.66	15.61
127.76	14.93
127.86	14.43
127.96	13.81
128.06	13.32
128.16	12.65
128.27	12.02
128.37	11.52
128.47	11.25
128.57	11.08
128.67	10.68
128.77	10.64
128.87	10.36
128.97	10.34
129.08	10.18
129.18	10.27
129.28	10.00
129.38	9.85
129.48	9.71
129.58	9.38
129.68	9.26
129.78	9.29
129.88	8.78
129.98	8.84
130.08	8.65
130.19	8.87
130.29	9.52
130.39	9.30
130.49	9.48
130.59	9.71
130.69	10.62
130.79	10.74
130.89	10.95
130.99	11.16
131.10	11.40
131.20	11.58
131.30	11.35
131.40	11.68
131.50	11.75
131.60	11.81
131.70	12.12
131.80	12.51
131.90	12.79
132.00	12.60
132.11	12.87
132.21	13.23
132.31	10.51
132.41	11.14
132.51	11.73
132.61	12.45
132.71	13.07
132.81	14.07
132.91	14.77
133.01	15.38
133.12	15.96
133.22	16.46
133.32	16.74
133.42	17.20
133.52	17.39
133.62	17.52
133.72	18.00
133.82	18.60
133.92	18.92
134.02	19.37
134.13	25.35
134.23	25.23
134.33	25.22
134.43	20.61
134.53	20.68
134.63	20.90
134.73	19.65
134.83	19.92
134.93	19.92
135.04	19.88
135.14	19.28
135.24	19.17
135.34	18.46
135.44	18.29
135.54	17.97
135.64	18.47
135.74	18.35
135.84	18.08
135.95	23.88
136.05	23.29
136.15	23.02
136.25	22.97
136.35	23.07
136.45	22.82
136.55	22.58
136.65	21.80
136.75	21.56
136.85	21.03
136.95	20.73
137.06	20.34
137.16	19.58
137.26	19.00
137.36	18.30
137.46	18.23
137.56	17.57
137.66	16.89
137.76	22.25
137.86	21.48
137.97	20.41
138.07	20.49
138.17	19.97
138.27	19.87
138.37	18.82
138.47	18.58
138.57	18.40
138.67	13.73
138.77	13.45
138.87	13.12
138.98	12.52
139.08	12.24
139.18	12.03
139.28	11.83
139.38	11.49
139.48	11.26
139.58	11.55
139.68	11.62
139.78	11.69
139.88	10.56
139.99	10.68
140.09	10.79
140.19	11.20
140.29	11.64
140.39	11.96
140.49	11.76
140.59	11.68
140.69	12.19
140.79	12.48
140.90	12.36
141.00	12.49
141.10	13.12
141.20	13.36
141.30	13.44
141.40	13.62
141.50	13.69
141.60	13.90
141.70	14.26
141.80	14.40
141.91	14.83
142.01	14.44
142.11	14.71
142.21	15.23
142.31	15.67
142.41	16.23
142.51	16.27
142.61	16.96
142.71	17.36
142.82	17.34
142.92	17.57
143.02	17.60
143.12	17.62
143.22	17.94
143.32	18.19
143.42	18.63
143.52	18.80
143.62	19.01
143.72	19.56
143.83	19.68
143.93	19.85
144.03	19.85
144.13	20.21
144.23	20.45
144.33	20.43
144.43	20.61
144.53	20.93
144.63	20.53
144.74	20.55
144.84	20.18
144.94	19.87
145.04	19.57
145.14	19.49
145.24	19.62
145.34	19.69
145.44	19.60
145.54	19.47
145.64	19.45
145.74	19.38
145.85	19.31
145.95	18.89
146.05	18.95
146.15	18.90
146.25	18.76
146.35	18.47
146.45	18.05
146.55	17.59
146.65	17.06
146.76	16.81
146.86	17.02
146.96	16.67
147.06	16.24
147.16	16.02
147.26	15.67
147.36	15.99
147.46	15.54
147.56	15.51
147.66	15.49
147.77	15.26
147.87	15.35
147.97	15.33
148.07	15.02
148.17	14.51
148.27	14.54
148.37	13.86
148.47	13.67
148.57	13.09
148.68	14.13
148.77	13.87
148.88	14.03
148.98	13.98
149.08	14.03
149.18	13.93
149.28	18.18
149.38	17.92
149.48	17.53
149.58	16.95
149.69	16.35
149.79	16.44
149.89	16.26
149.99	16.20
150.09	16.14
150.19	18.53
150.29	18.36
150.39	18.44
150.49	18.12
150.59	17.96
150.70	18.16
150.80	18.05
150.90	18.05
151.00	18.05
151.10	17.90
151.20	18.15
151.30	18.64
151.40	18.81
151.50	18.92
151.61	18.98
151.71	19.03
151.81	18.83
151.91	19.13
152.01	19.03
152.11	18.98
152.21	18.78
152.31	18.84
152.41	19.05
152.51	19.04
152.61	19.24
152.72	19.53
152.82	19.55
152.92	19.53
153.02	20.05
153.12	20.15
153.22	20.19
153.32	20.13
153.42	20.42
153.52	20.40
153.63	20.03
153.73	20.18
153.83	20.17
153.93	19.91
154.03	20.07
154.13	19.46
154.23	19.24
154.33	19.08
154.43	19.27
154.53	19.36
154.64	19.39
154.74	19.42
154.84	19.60
154.94	19.52
155.04	19.30
155.14	20.03
155.24	19.78
155.34	19.94
155.44	19.69
155.55	19.46
155.65	19.34
155.75	18.72
155.85	18.03
155.95	17.88
156.05	17.49
156.15	17.21
156.25	16.75
156.35	16.41
156.45	16.24
156.56	15.93
156.66	15.99
156.76	15.94
156.86	16.44
156.96	16.12
157.06	15.96
157.16	16.01
157.26	15.71
157.36	15.58
157.47	15.40
157.57	14.78
157.67	14.64
157.77	14.36
157.87	14.14
157.97	13.78
158.07	13.44
158.17	13.27
158.27	13.61
158.37	15.28
158.48	15.51
158.58	15.39
158.68	15.47
158.78	15.59
158.88	15.57
158.98	15.59
159.08	15.36
159.18	15.09
159.28	15.14
159.38	15.13
159.49	14.87
159.59	14.83
159.69	14.59
159.79	14.61
159.89	14.93
159.99	14.78
160.09	15.04
160.19	17.49
160.29	17.52
160.40	17.54
160.50	17.36
160.60	17.59
160.70	17.36
160.80	20.60
160.90	20.32
161.00	20.05
161.10	20.20
161.20	19.84
161.30	19.50
161.40	19.47
161.51	19.35
161.61	19.23
161.71	19.27
161.81	19.06
161.91	19.10
162.01	19.30
162.11	19.58
162.21	19.55
162.31	19.83
162.41	19.98
162.52	20.09
162.62	20.08
162.72	20.33
162.82	20.41
162.92	20.39
163.02	20.32
163.12	19.95
163.22	19.81
163.32	19.82
163.43	19.68
163.53	19.54
163.63	19.31
163.73	19.15
163.83	19.19
163.93	19.38
164.03	19.16
164.13	19.05
164.23	19.25
164.34	19.14
164.44	19.18
164.54	18.97
164.64	18.97
164.74	18.63
164.84	18.44
164.94	18.27
165.04	17.96
165.14	17.71
165.24	17.83
165.35	18.03
165.45	18.03
165.55	17.88
165.65	17.84
165.75	17.64
165.85	17.51
165.95	17.49
166.05	17.36
166.15	17.14
166.26	16.89
166.36	16.79
166.46	16.60
166.56	16.47
166.66	16.40
166.76	15.93
166.86	15.93
166.96	15.79
167.06	15.50
167.16	15.32
167.27	14.86
167.37	14.61
167.47	14.53
167.57	14.41
167.67	14.59
167.77	14.56
167.87	14.78
167.97	14.84
168.07	14.95
168.17	14.80
168.27	14.81
168.38	14.67
168.48	14.69
168.58	14.45
168.68	14.23
168.78	14.67
168.88	14.58
168.98	14.76
169.08	14.77
169.19	14.63
169.29	14.90
169.39	14.90
169.49	15.31
169.59	15.39
169.69	15.22
169.79	15.36
169.89	15.59
169.99	15.81
170.09	16.02
170.20	16.67
170.30	16.49
170.40	16.51
170.50	16.44
170.60	17.07
170.70	17.06
170.80	16.96
170.90	17.06
171.00	17.06
171.10	17.11
171.21	17.35
171.31	17.48
171.41	17.86
171.51	18.37
171.61	18.45
171.71	18.53
171.81	18.35
171.91	18.33
172.01	18.31
172.11	18.55
172.22	18.42
172.32	18.35
172.42	18.43
172.52	18.26
172.62	18.25
172.72	18.44
172.82	18.51
172.92	18.59
173.02	18.66
173.13	18.23
173.23	18.31
173.33	18.55
173.43	18.77
173.53	18.93
173.63	18.99
173.73	19.04
173.83	18.99
173.93	18.79
174.03	18.85
174.14	18.55
174.24	17.63
174.34	17.35
174.44	16.98
174.54	16.73
174.64	16.64
174.74	16.81
174.84	16.87
174.94	16.73
175.05	16.74
175.15	17.10
175.25	17.15
175.35	16.74
175.45	16.75
175.55	16.57
175.65	16.44
175.75	16.37
175.85	16.25
175.95	15.89
176.05	15.59
176.16	15.31
176.26	14.90
176.36	14.65
176.46	14.27
176.56	14.10
176.66	13.75
176.76	14.06
176.86	14.11
176.96	13.90
177.07	13.91
177.17	14.46
177.27	14.74
177.37	15.00
177.47	19.20
177.57	18.84
177.67	18.40
177.77	18.53
177.87	18.10
177.98	18.05
178.08	18.00
178.18	17.60
178.28	17.32
178.38	16.95
178.48	16.75
178.58	16.87
178.68	16.82
178.78	16.98
178.88	16.98
178.99	17.38
179.09	17.61
179.19	17.33
179.29	17.47
179.39	17.59
179.49	17.61
179.59	17.58
179.69	17.35
179.79	17.24
179.90	16.97
180.00	16.88
180.10	16.88
180.20	16.74
180.30	16.40
180.40	16.33
180.50	16.16
180.60	16.21
180.70	16.40
180.80	16.58
180.90	16.75
181.01	16.56
181.11	16.83
181.21	16.89
181.31	16.60
181.41	16.27
181.51	16.55
181.61	16.82
181.71	16.58
181.81	16.50
181.91	16.43
182.02	16.76
182.12	16.82
182.22	16.48
182.32	16.80
182.42	17.06
182.52	16.71
182.62	16.88
182.72	17.13
182.82	17.18
182.93	17.37
183.03	17.70
183.13	17.81
183.23	17.67
183.33	17.54
183.43	17.16
183.53	16.95
183.63	16.61
183.73	16.53
183.83	16.20
183.94	16.29
184.04	16.08
184.14	15.92
184.24	15.88
184.34	15.93
184.44	15.79
184.54	15.85
184.64	15.80
184.74	15.86
184.85	16.07
184.95	16.22
185.05	15.96
185.15	15.66
185.25	15.38
185.35	15.36
185.45	15.24
185.55	15.03
185.65	15.03
185.75	15.12
185.86	14.72
185.96	14.78
186.06	14.54
186.16	14.32
186.26	14.30
186.36	14.08
186.46	14.13
186.56	14.27
186.66	14.56
186.77	14.58
186.87	14.70
186.97	14.82
187.07	14.58
187.17	14.25
187.27	14.29
187.37	14.07
187.47	15.12
187.57	15.01
187.67	14.91
187.78	14.77
187.88	14.78
187.98	14.64
188.08	18.76
188.18	18.72
188.28	18.43
188.38	18.56
188.48	18.63
188.58	18.45
188.69	18.53
188.79	18.60
188.89	18.52
188.99	18.30
189.09	18.33
189.19	18.31
189.29	18.30
189.39	18.48
189.49	18.11
189.59	18.05
189.69	18.20
189.80	18.09
189.90	17.84
190.00	17.95
190.10	18.10
190.20	18.19
190.30	18.38
190.40	18.56
190.50	18.64
190.60	18.35
190.71	18.54
190.81	18.61
190.91	18.33
191.01	18.41
191.11	18.54
191.21	18.37
191.31	18.35
191.41	18.28
191.51	18.22
191.61	18.15
191.72	18.15
191.82	17.99
191.92	18.09
192.02	18.44
192.12	18.61
192.22	18.68
192.32	18.65
192.42	19.07
192.52	19.01
192.63	19.16
192.73	19.10
192.83	19.20
192.93	19.19
193.03	18.98
193.13	19.03
193.23	18.68
193.33	18.50
193.43	18.07
193.53	17.82
193.63	17.68
193.74	17.74
193.84	17.61
193.94	17.37
194.04	17.11
194.14	17.25
194.24	17.29
194.34	17.27
194.44	21.51
194.54	21.43
194.65	21.01
194.75	22.41
194.85	21.79
194.95	20.80
195.05	25.06
195.15	24.46
195.25	24.14
195.35	23.43
195.45	22.36
195.55	21.64
195.66	21.16
195.76	21.00
195.86	20.95
195.96	21.00
196.06	21.05
196.16	21.15
196.26	21.09
196.36	20.69
196.46	20.50
196.57	20.08
196.67	19.82
196.77	19.43
196.87	19.21
196.97	18.65
197.07	18.47
197.17	18.24
197.27	17.78
197.37	17.74
197.48	17.01
197.58	16.76
197.68	16.67
197.78	16.68
197.88	16.70
197.98	16.87
198.08	16.92
198.18	16.98
198.28	17.03
198.38	17.03
198.48	17.02
198.59	17.02
198.69	17.07
198.79	17.07
198.89	16.97
198.99	16.27
199.09	16.55
199.19	16.43
199.29	16.65
199.39	16.67
199.50	16.44
199.60	16.37
199.70	16.40
199.80	16.43
199.90	16.51
200.00	16.63
200.10	16.40
200.20	16.68
200.30	17.10
200.40	17.34
200.51	17.22
200.61	17.26
200.71	17.40
200.81	17.03
200.91	17.18
201.01	17.07
201.11	16.97
201.21	17.02
201.31	17.12
201.41	17.11
201.52	16.66
201.62	16.82
201.72	16.83
201.82	16.84
201.92	16.85
202.02	17.06
202.12	17.20
202.22	17.34
202.32	17.48
202.43	17.45
202.53	17.43
202.63	17.96
202.73	17.81
202.83	17.92
202.93	17.77
203.03	17.38
203.13	17.02
203.23	16.81
203.33	16.67
203.44	16.84
203.54	16.95
203.64	16.90
203.74	16.96
203.84	16.86
203.94	16.87
204.04	16.77
204.14	16.78
204.24	16.59
204.35	16.76
204.45	16.58
204.55	16.50
204.65	16.17
204.75	16.11
204.85	15.46
204.95	15.09
205.05	14.83
205.15	14.59
205.25	14.71
205.36	14.82
205.46	14.58
205.56	14.65
205.66	14.67
205.76	14.69
205.86	14.60
205.96	14.62
206.06	15.14
206.16	15.13
206.27	15.03
206.37	14.93
206.47	14.83
206.57	14.79
206.67	14.30
206.77	13.83
206.87	13.54
206.97	13.47
207.07	13.29
207.17	13.53
207.27	13.60
207.38	14.22
207.48	15.21
207.58	15.20
207.68	15.59
207.78	16.81
207.88	16.97
207.98	17.12
208.08	17.07
208.18	17.11
208.29	17.11
208.39	16.95
208.49	16.45
208.59	16.23
208.69	15.92
208.79	16.02
208.89	15.97
208.99	15.92
209.09	16.38
209.20	16.56
209.30	16.58
209.40	16.60
209.50	16.82
209.60	16.98
209.70	17.13
209.80	17.02
209.90	17.22
210.00	17.11
210.10	17.26
210.20	17.14
210.31	16.79
210.41	16.70
210.51	16.61
210.61	16.53
210.71	15.46
210.81	15.43
210.91	15.31
211.01	15.75
211.12	15.76
211.22	15.87
211.32	16.03
211.42	16.08
211.52	16.27
211.62	16.21
211.72	15.40
211.82	15.53
211.92	15.25
212.02	15.09
212.12	15.18
212.23	15.08
212.33	14.57
212.43	14.19
212.53	14.13
212.63	14.23
212.73	14.27
212.83	14.40
212.93	17.93
213.03	18.04
213.13	18.13
213.24	19.83
213.34	19.44
213.44	19.21
213.54	19.10
213.64	18.90
213.74	18.65
213.84	18.57
213.94	18.49
214.04	18.32
214.15	18.25
214.25	17.79
214.35	17.65
214.45	17.37
214.55	17.00
214.65	16.80
214.75	16.56
214.85	16.63
214.95	16.65
215.05	16.27
215.16	16.45
215.26	16.48
215.36	16.51
215.46	16.28
215.56	16.07
215.66	16.21
215.76	16.05
215.86	15.85
215.96	15.71
216.07	15.32
216.17	15.71
216.27	15.87
216.37	16.18
216.47	16.37
216.57	16.40
216.67	16.43
216.77	16.26
216.87	16.25
216.97	16.08
217.08	16.43
217.18	16.56
217.28	16.48
217.38	16.41
217.48	16.39
217.58	16.17
217.68	15.86
217.78	15.77
217.88	15.48
217.99	15.40
218.09	16.93
218.19	16.94
218.29	16.74
218.39	16.90
218.49	16.96
218.59	16.96
218.69	16.91
218.79	17.17
218.89	17.16
219.00	17.40
219.10	17.38
219.20	17.51
219.30	17.89
219.40	17.59
219.50	17.71
219.60	17.68
219.70	17.99
219.80	17.99
219.90	17.84
220.01	17.60
220.11	18.07
220.21	17.92
220.31	18.02
220.41	18.07
220.51	18.17
220.61	18.11
220.71	17.90
220.81	17.86
220.91	17.96
221.02	17.82
221.12	17.68
221.22	17.29
221.32	17.33
221.42	17.26
221.52	17.65
221.62	17.52
221.72	17.34
221.82	17.47
221.93	17.25
222.03	17.49
222.13	17.61
222.23	17.88
222.33	18.24
222.43	18.18
222.53	18.12
222.63	19.31
222.73	19.60
222.83	19.22
222.94	18.95
223.04	18.36
223.14	18.04
223.24	18.04
223.34	17.79
223.44	17.25
223.54	17.13
223.64	16.93
223.74	16.73
223.85	19.59
223.95	19.61
224.05	19.63
224.15	19.70
224.25	19.57
224.35	19.89
224.45	19.94
224.55	19.85
224.65	19.45
224.75	19.33
224.86	19.02
224.96	19.06
225.06	22.71
225.16	22.33
225.26	21.76
225.36	25.52
225.46	25.00
225.56	24.40
225.66	23.78
225.76	23.69
225.87	23.40
225.97	22.78
226.07	22.29
226.17	22.23
226.27	26.07
226.37	25.61
226.47	25.08
226.57	24.73
226.67	23.64
226.77	23.46
226.88	22.89
226.98	22.44
227.08	21.87
227.18	21.38
227.28	21.21
227.38	20.90
227.48	20.75
227.58	20.07
227.68	19.81
227.79	19.52
227.89	19.40
227.99	19.53
228.09	20.40
228.19	20.03
228.29	19.38
228.39	19.16
228.49	18.85
228.59	18.91
228.70	19.21
228.80	18.85
228.90	18.46
229.00	18.09
229.10	17.68
229.20	17.70
229.30	17.96
229.40	18.22
229.50	18.30
229.60	18.64
229.70	18.76
229.81	18.67
229.91	18.24
230.01	17.97
230.11	18.08
230.21	17.92
230.31	17.78
230.41	17.64
230.51	17.41
230.61	17.13
230.72	16.93
230.82	16.48
230.92	16.51
231.02	16.23
231.12	16.07
231.22	16.42
231.32	16.50
231.42	20.12
231.52	20.07
231.62	19.96
231.73	19.66
231.83	18.93
231.93	18.83
232.03	18.59
232.13	17.56
232.23	17.63
232.33	21.95
232.43	21.46
232.53	21.38
232.63	20.81
232.74	20.67
232.84	20.49
232.94	20.56
233.04	20.24
233.14	20.07
233.24	22.47
233.34	22.45
233.44	22.32
233.54	22.41
233.65	21.79
233.75	21.45
233.85	20.73
233.95	20.04
234.05	19.79
234.15	21.35
234.25	20.78
234.35	20.34
234.45	23.98
234.55	23.78
234.66	23.34
234.76	22.87
234.86	22.58
234.96	22.05
235.06	21.90
235.16	21.70
235.26	21.77
235.36	21.63
235.46	21.30
235.57	20.98
235.67	20.78
235.77	20.49
235.87	20.12
235.97	19.21
236.07	18.85
236.17	18.66
236.27	18.78
236.37	17.99
236.47	17.84
236.58	17.50
236.68	17.62
236.78	17.99
236.88	18.04
236.98	17.64
237.08	17.51
237.18	17.63
237.28	17.60
237.38	17.47
237.49	19.20
237.59	19.09
237.69	18.78
237.79	23.44
237.89	22.97
237.99	22.72
238.09	22.59
238.19	22.31
238.29	21.94
238.39	21.44
238.49	21.37
238.60	21.20
238.70	20.74
238.80	20.51
238.90	20.48
239.00	20.41
239.10	19.64
239.20	19.65
239.30	19.17
239.40	19.21
239.51	18.95
239.61	18.66
239.71	18.57
239.81	18.04
239.91	17.99
240.01	17.59
240.11	17.21
240.21	17.00
240.31	17.05
240.41	17.05
240.52	17.30
240.62	17.33
240.72	17.22
240.82	17.35
240.92	17.24
241.02	17.22
241.12	17.21
241.22	17.10
241.32	16.95
241.43	20.45
241.52	19.68
241.63	19.44
241.73	22.17
241.83	21.56
241.93	21.49
242.03	23.36
242.13	23.04
242.23	22.64
242.33	22.41
242.44	22.04
242.54	21.94
242.64	21.79
242.74	21.65
242.84	21.32
242.94	21.05
243.04	21.10
243.14	20.44
243.24	19.92
243.34	19.68
243.45	19.34
243.55	18.77
243.65	18.49
243.75	18.56
243.85	17.98
243.95	17.68
244.05	18.05
244.15	18.05
244.25	17.55
244.36	17.67
244.46	17.63
244.56	17.65
244.66	17.42
244.76	17.25
244.86	17.64
244.96	17.41
245.06	17.48
245.16	17.11
245.26	17.00
245.37	16.70
245.47	16.87
245.57	17.13
245.67	16.97
245.77	16.82
245.87	16.88
245.97	17.64
246.07	18.15
246.17	18.25
246.27	19.53
246.38	19.06
246.48	18.95
246.58	20.86
246.68	20.41
246.78	20.29
246.88	25.13
246.98	24.47
247.08	24.10
247.18	23.39
247.28	22.92
247.39	22.68
247.49	22.44
247.59	22.22
247.69	21.96
247.79	22.01
247.89	21.41
247.99	21.54
248.09	25.41
248.19	25.14
248.30	25.04
248.40	28.48
248.50	27.46
248.60	26.69
248.70	26.10
248.80	25.55
248.90	25.12
249.00	24.46
249.10	23.79
249.20	23.70
249.30	23.17
249.41	23.16
249.51	22.50
249.61	22.28
249.71	22.41
249.81	22.59
249.91	22.36
250.01	22.24
250.11	22.48
250.22	21.86
250.32	22.01
250.42	21.56
250.52	20.99
250.62	20.94
250.72	20.49
250.82	20.46
250.92	20.29
251.02	19.78
251.12	19.79
251.23	19.70
251.33	19.86
251.43	20.12
251.53	20.01
251.63	20.01
251.73	20.61
251.83	20.43
251.93	20.26
252.03	20.45
252.13	19.93
252.24	19.93
252.34	19.63
252.44	19.55
252.54	19.07
252.64	21.57
252.74	21.39
252.84	20.87
252.94	23.63
253.04	22.60
253.15	22.37
253.25	21.95
253.35	22.35
253.45	21.88
253.55	21.89
253.65	21.14
253.75	21.19
253.85	20.83
253.95	21.04
254.05	20.74
254.16	20.90
254.26	20.55
254.36	20.38
254.46	20.91
254.56	20.26
254.66	19.75
254.76	20.01
254.86	19.76
254.96	19.77
255.07	24.58
255.16	24.10
255.27	23.65
255.37	23.42
255.47	23.00
255.57	22.70
255.67	22.76
255.77	22.27
255.87	22.31
255.97	22.09
256.07	21.99
256.18	21.29
256.28	20.98
256.38	20.68
256.48	20.54
256.58	21.12
256.68	20.91
256.78	20.61
256.88	19.78
256.98	19.79
257.08	19.75
257.19	21.22
257.29	20.86
257.39	20.46
257.49	20.44
257.59	20.42
257.69	19.75
257.79	19.71
257.89	19.47
257.99	19.10
258.10	18.85
258.20	18.50
258.30	18.23
258.40	17.42
258.50	16.15
258.60	15.99
258.70	15.84
258.80	15.45
258.90	15.67
259.01	15.64
259.11	15.76
259.21	16.07
259.31	16.37
259.41	16.05
259.51	16.00
259.61	15.65
259.71	15.61
259.81	15.58
259.91	15.55
260.02	15.43
260.12	15.41
260.22	15.54
260.32	15.36
260.42	15.44
260.52	15.52
260.62	15.99
260.72	15.94
260.82	15.95
260.92	16.00
261.02	16.20
261.13	21.44
261.23	21.12
261.33	20.96
261.43	20.46
261.53	20.69
261.63	20.31
261.73	20.29
261.83	19.78
261.94	19.44
262.04	18.91
262.14	18.07
262.24	18.07
262.34	17.96
262.44	17.81
262.54	17.67
262.64	17.59
262.74	17.51
262.84	17.53
262.95	17.36
263.05	17.49
263.15	17.57
263.25	17.34
263.35	17.57
263.45	17.59
263.55	17.86
263.65	18.07
263.75	17.67
263.86	17.83
263.95	17.69
264.06	17.56
264.16	17.48
264.26	17.75
264.36	17.62
264.46	18.04
264.56	17.98
264.66	17.94
264.76	17.74
264.86	17.20
264.97	17.19
265.07	16.73
265.17	16.50
265.27	16.52
265.37	16.64
265.47	16.41
265.57	16.19
265.67	16.08
265.77	15.88
265.88	15.68
265.98	15.80
266.08	15.76
266.18	15.67
266.28	15.69
266.38	15.90
266.48	16.11
266.58	16.10
266.68	16.05
266.78	16.15
266.89	16.04
266.99	16.09
267.09	16.78
267.19	16.74
267.29	16.16
267.39	16.20
267.49	16.04
267.59	16.24
267.69	16.17
267.80	15.92
267.89	16.12
268.00	16.71
268.10	17.53
268.20	17.40
268.30	17.53
268.40	17.86
268.50	17.96
268.60	17.81
268.70	18.02
268.80	18.27
268.91	17.96
269.01	18.41
269.11	18.24
269.21	18.03
269.31	18.13
269.41	18.57
269.51	18.24
269.61	17.93
269.71	17.83
269.82	17.59
269.92	16.76
270.02	16.17
270.12	16.12
270.22	16.36
270.32	16.04
270.42	15.74
270.52	15.90
270.62	15.96
270.73	15.41
270.83	15.19
270.93	15.78
271.03	15.64
271.13	15.26
271.23	15.25
271.33	15.08
271.43	14.88
271.53	14.74
271.63	14.50
271.73	14.57
271.84	14.94
271.94	15.35
272.04	15.13
272.14	15.62
272.24	15.49
272.34	15.57
272.44	15.69
272.54	15.76
272.64	16.12
272.75	16.06
272.85	16.11
272.95	16.10
273.05	15.70
273.15	15.51
273.25	15.09
273.35	15.08
273.45	15.08
273.55	15.07
273.65	15.22
273.76	15.21
273.86	15.30
273.96	15.18
274.06	15.78
274.16	15.74
274.26	15.80
274.36	16.16
274.46	15.95
274.56	15.85
274.67	15.81
274.77	15.07
274.87	14.82
274.97	15.08
275.07	14.67
275.17	14.69
275.27	14.55
275.37	14.78
275.47	14.79
275.57	15.30
275.68	15.03
275.78	15.38
275.88	15.51
275.98	15.84
276.08	15.95
276.18	16.15
276.28	16.49
276.38	16.57
276.48	16.24
276.58	16.03
276.69	15.77
276.79	16.14
276.89	15.83
276.99	15.04
277.09	15.19
277.19	14.93
277.29	15.43
277.39	15.81
277.49	16.17
277.60	16.36
277.70	16.19
277.80	16.28
277.90	16.47
278.00	16.54
278.10	16.37
278.20	16.30
278.30	16.33
278.40	16.27
278.50	16.10
278.61	16.30
278.71	15.48
278.81	15.51
278.91	15.33
279.01	15.22
279.11	14.86
279.21	14.76
279.31	15.03
279.41	15.12
279.52	15.47
279.62	15.94
279.72	15.55
279.82	15.77
279.92	15.88
280.02	16.09
280.12	15.48
280.22	15.71
280.32	15.17
280.42	15.16
280.52	14.76
280.63	14.72
280.73	14.28
280.83	14.22
280.93	14.46
281.03	14.58
281.13	14.76
281.23	14.72
281.33	14.73
281.44	14.90
281.54	15.15
281.64	15.29
281.74	16.28
281.84	16.51
281.94	16.54
282.04	16.81
282.14	16.77
282.24	16.78
282.34	16.99
282.45	17.09
282.55	17.24
282.65	17.38
282.75	17.16
282.85	16.90
282.95	16.81
283.05	16.22
283.15	16.15
283.25	16.10
283.36	16.09
283.45	16.44
283.56	16.72
283.66	16.98
283.76	17.03
283.86	16.83
283.96	16.94
284.06	16.89
284.16	16.30
284.26	16.08
284.36	15.93
284.47	15.73
284.57	15.24
284.67	14.88
284.77	14.49
284.87	14.71
284.97	14.93
285.07	14.78
285.17	14.94
285.27	15.45
285.38	15.77
285.48	21.08
285.58	21.03
285.68	21.13
285.78	21.32
285.88	21.01
285.98	20.71
286.08	18.07
286.18	17.87
286.28	17.62
286.39	14.04
286.49	14.44
286.59	14.47
286.69	15.04
286.79	14.89
286.89	14.85
286.99	12.41
287.09	12.89
287.19	13.24
287.30	13.33
287.39	13.71
287.50	14.03
287.60	13.98
287.70	14.53
287.80	14.45
287.90	14.53
288.00	14.40
288.10	14.68
288.20	20.25
288.30	19.74
288.41	19.50
288.51	19.22
288.61	18.86
288.71	18.57
288.81	24.29
288.91	23.58
289.01	23.40
289.11	28.48
289.21	27.90
289.32	27.66
289.42	26.58
289.52	25.65
289.62	25.36
289.72	24.40
289.82	23.93
289.92	23.73
290.02	23.54
290.12	23.07
290.23	22.16
290.33	21.85
290.43	21.51
290.53	21.34
290.63	21.07
290.73	20.77
290.83	20.48
290.93	20.25
291.03	19.64
291.13	19.16
291.23	19.15
291.34	19.19
291.44	18.88
291.54	18.89
291.64	18.80
291.74	18.11
291.84	18.00
291.94	18.00
292.04	17.60
292.14	17.27
292.25	17.71
292.35	17.52
292.45	17.40
292.55	17.58
292.65	17.45
292.75	17.42
292.85	17.70
292.95	18.07
293.05	17.96
293.15	17.42
293.26	17.20
293.36	16.99
293.46	16.64
293.56	16.30
293.66	16.44
293.76	16.37
293.86	16.20
293.96	15.69
294.06	15.65
294.17	15.77
294.27	15.68
294.37	16.05
294.47	15.90
294.57	16.05
294.67	16.10
294.77	16.69
294.87	16.81
294.97	17.32
295.07	17.20
295.18	17.54
295.28	17.92
295.38	17.77
295.48	17.38
295.58	16.91
295.68	16.97
295.78	16.82
295.88	16.83
295.98	17.09
296.08	17.38
296.19	17.26
296.29	17.40
296.39	17.48
296.49	17.61
296.59	17.63
296.69	17.39
296.79	17.52
296.89	18.00
296.99	18.00
297.10	17.85
297.20	18.21
297.30	17.85
297.40	17.00
297.50	16.65
297.60	21.92
297.70	21.52
297.80	21.20
297.90	20.44
298.00	20.52
298.11	20.24
298.21	20.18
298.31	19.92
298.41	19.52
298.51	19.80
298.61	19.71
298.71	19.47
298.81	19.45
298.91	19.18
299.02	18.97
299.12	19.22
299.22	18.91
299.32	18.46
299.42	18.34
299.52	18.02
299.62	18.12
299.72	17.77
299.82	17.73
299.92	17.69
300.02	17.66
300.13	17.67
300.23	17.79
300.33	18.40
300.43	18.43
300.53	18.61
300.63	18.73
300.73	18.54
300.83	18.81
300.94	19.27
301.04	19.16
301.14	19.15
301.24	18.94
301.34	18.50
301.44	18.47
301.54	18.05
301.64	18.00
301.74	18.20
301.84	17.89
301.94	17.74
302.05	17.61
302.15	17.83
302.25	17.18
302.35	17.32
302.45	17.31
302.55	17.54
302.65	17.67
302.75	17.48
302.85	17.36
302.95	16.99
303.06	16.59
303.16	16.16
303.26	15.95
303.36	15.66
303.46	15.62
303.56	15.59
303.66	15.81
303.76	15.67
303.86	15.54
303.97	16.01
304.07	16.26
304.17	16.30
304.27	16.38
304.37	16.31
304.47	16.25
304.57	16.69
304.67	16.50
304.77	16.08
304.88	16.52
304.98	16.60
305.08	17.02
305.18	16.27
305.28	16.20
305.38	16.39
305.48	16.82
305.58	16.98
305.68	17.13
305.78	17.38
305.89	17.41
305.99	17.79
306.09	17.65
306.19	17.66
306.29	17.78
306.39	17.14
306.49	17.19
306.59	17.58
306.69	17.80
306.79	17.66
306.89	17.52
307.00	17.40
307.10	17.03
307.20	16.73
307.30	17.04
307.40	16.79
307.50	16.60
307.60	16.52
307.70	16.44
307.80	16.47
307.91	16.50
308.01	17.12
308.11	17.07
308.21	16.81
308.31	16.72
308.41	16.64
308.51	16.55
308.61	16.33
308.71	15.86
308.82	15.57
308.92	15.29
309.02	15.17
309.12	15.17
309.22	15.41
309.32	15.24
309.42	15.23
309.52	15.31
309.62	15.65
309.73	16.52
309.83	16.64
309.93	16.66
310.03	16.68
310.13	16.64
310.23	16.81
310.33	16.72
310.43	16.88
310.53	16.64
310.63	16.06
310.73	16.75
310.84	16.52
310.94	16.29
311.04	16.83
311.14	16.48
311.24	16.91
311.34	16.11
311.44	15.71
311.54	15.82
311.64	15.93
311.75	15.74
311.85	15.60
311.95	14.72
312.05	14.58
312.15	14.50
312.25	14.43
312.35	14.71
312.45	14.62
312.55	14.19
312.65	13.98
312.76	14.18
312.86	14.17
312.96	14.46
313.06	14.49
313.16	14.67
313.26	14.68
313.36	15.05
313.46	15.25
313.56	15.38
313.67	15.37
313.77	15.95
313.87	16.05
313.97	16.05
314.07	16.24
314.17	15.78
314.27	15.79
314.37	15.65
314.47	15.47
314.57	15.55
314.68	15.87
314.78	15.43
314.88	16.01
314.98	15.61
315.08	15.72
315.18	15.84
315.28	16.20
315.38	16.34
315.48	16.02
315.58	16.12
315.69	16.46
315.79	16.79
315.89	16.95
315.99	16.45
316.09	16.38
316.19	16.21
316.29	16.90
316.39	16.46
316.49	16.78
316.60	16.74
316.70	16.91
316.80	16.81
316.90	17.12
317.00	17.66
317.10	17.78
317.20	17.44
317.30	17.17
317.40	17.16
317.50	17.20
317.61	16.44
317.71	16.72
317.81	16.64
317.91	15.95
318.01	15.91
318.11	15.56
318.21	15.28
318.31	15.12
318.41	15.46
318.52	15.44
