179.91	676.90
180.01	679.80
180.11	680.36
180.21	681.74
180.31	681.76
0.00	-18.25
0.10	6.56
0.20	29.28
0.30	48.77
0.40	65.58
0.50	81.10
0.61	95.45
0.71	107.58
0.81	118.00
0.91	126.60
1.01	135.87
1.11	142.32
1.21	147.11
1.31	147.60
1.41	142.07
1.51	133.97
1.61	125.27
1.72	116.71
1.82	107.57
1.92	97.59
2.02	86.46
2.12	74.49
2.22	64.12
2.32	52.66
2.42	41.63
2.52	30.15
2.62	18.14
2.73	7.68
2.83	-3.35
2.93	-15.29
3.03	-27.92
3.13	-37.78
3.23	-49.44
3.33	-60.81
3.43	-71.07
3.53	-83.27
3.63	-93.21
3.74	-96.90
3.84	-105.30
3.94	-114.29
4.04	-122.17
4.14	-130.11
4.24	-137.21
4.34	-142.05
4.44	-146.10
4.54	-151.09
4.64	-153.89
4.75	-155.59
4.84	-158.21
4.95	-160.70
5.05	-160.77
5.15	-161.43
5.25	-161.11
5.35	-159.20
5.45	-156.49
5.55	-154.02
5.65	-150.72
5.75	-147.33
5.86	-142.46
5.96	-137.74
6.06	-132.70
6.16	-127.52
6.26	-122.64
6.36	-117.91
6.46	-111.21
6.56	-103.05
6.66	-95.65
6.76	-87.77
6.86	-79.63
6.97	-71.10
7.07	-61.94
7.17	-52.75
7.27	-45.76
7.37	-36.47
7.47	-28.40
7.57	-20.03
7.67	-12.38
7.77	-2.66
7.88	5.73
7.98	14.54
8.08	22.06
8.18	28.76
8.28	36.07
8.38	43.42
8.48	50.30
8.58	61.98
8.68	67.88
8.78	73.74
8.88	78.55
8.98	83.12
9.09	87.82
9.19	92.83
9.29	96.64
9.39	99.65
9.49	103.67
9.59	106.74
9.69	107.15
9.79	107.84
9.89	109.70
10.00	109.62
10.10	114.49
10.20	114.01
10.30	112.96
10.40	110.86
10.50	109.47
10.60	108.25
10.70	105.08
10.80	103.48
10.90	99.96
11.00	97.61
11.11	95.33
11.21	92.81
11.31	88.32
11.41	84.15
11.51	79.65
11.61	74.76
11.71	70.33
11.81	65.31
11.91	60.54
12.02	55.72
12.11	50.78
12.22	45.49
12.32	39.72
12.42	34.23
12.52	29.77
12.62	24.08
12.72	19.13
12.82	14.77
12.92	10.03
13.02	6.18
13.13	1.97
13.23	-2.68
13.33	-5.84
13.43	-9.60
13.53	-12.87
13.63	-16.23
13.73	-18.67
13.83	-20.73
13.93	-23.45
14.03	-26.27
14.14	-28.46
14.24	-30.59
14.34	-32.81
14.44	-33.92
14.54	-34.97
14.64	-37.22
14.74	-39.36
14.84	-38.69
14.94	-40.76
15.04	-41.97
15.15	-41.37
15.25	-40.80
15.35	-40.11
15.45	-38.61
15.55	-38.08
15.65	-36.77
15.75	-35.48
15.85	-33.61
15.95	-32.28
16.05	-29.52
16.15	-27.79
16.26	-24.85
16.36	-21.51
16.46	-19.83
16.56	-17.14
16.66	-14.38
16.76	-11.51
16.86	-8.59
16.96	-5.41
17.06	-1.24
17.17	2.82
17.27	5.28
17.37	8.42
17.47	10.85
17.57	12.50
17.67	15.18
17.77	17.92
17.87	21.22
17.97	23.36
18.07	25.89
18.17	28.85
18.28	30.56
18.38	32.43
18.48	33.26
18.58	35.25
18.68	35.98
18.78	37.78
18.88	39.79
18.98	38.95
19.08	39.86
19.18	42.11
19.29	43.16
19.39	42.75
19.49	43.46
19.59	43.24
19.69	49.53
19.79	49.70
19.89	49.72
19.99	49.93
20.09	49.53
20.19	49.11
20.29	49.25
20.40	48.39
20.50	47.12
20.60	46.36
20.70	45.50
20.80	44.47
20.90	43.20
21.00	42.29
21.10	39.92
21.20	38.93
21.30	38.23
21.41	36.22
21.51	33.61
21.61	32.33
21.71	30.56
21.81	28.78
21.91	28.59
22.01	27.26
22.11	25.90
22.21	24.21
22.32	21.10
22.42	20.89
22.52	20.20
22.62	17.94
22.72	16.69
22.82	15.61
22.92	13.48
23.02	11.80
23.12	9.66
23.22	8.18
23.32	6.42
23.43	5.30
23.53	3.53
23.63	2.61
23.73	1.88
23.83	0.73
23.93	0.40
24.03	0.88
24.13	-1.32
24.23	-0.85
24.33	-1.31
24.43	-1.39
24.54	-1.62
24.64	-1.54
24.74	-1.72
24.84	-1.83
24.94	-2.09
25.04	-2.88
25.14	-2.89
25.24	-2.40
25.34	-2.18
25.44	-2.07
25.54	-2.46
25.65	-2.84
25.75	-2.50
25.85	-1.72
25.95	-0.99
26.05	0.16
26.15	1.15
26.25	2.20
26.35	2.99
26.45	4.89
26.55	6.79
26.66	7.45
26.76	8.08
26.86	7.93
26.96	9.18
27.06	10.67
27.16	10.39
27.26	11.37
27.36	12.80
27.46	13.91
27.56	14.86
27.67	15.82
27.77	16.88
27.87	17.64
27.97	19.45
28.07	20.33
28.17	21.46
28.27	22.09
28.37	22.79
28.47	22.40
28.57	23.33
28.68	24.41
28.78	26.29
28.88	26.48
28.98	26.20
29.08	26.49
29.18	27.67
29.28	28.03
29.38	28.73
29.48	27.30
29.58	27.43
29.68	27.81
29.79	27.67
29.89	27.64
29.99	27.40
30.09	27.48
30.19	28.01
30.29	27.96
30.39	27.31
30.49	26.85
30.59	26.50
30.69	26.08
30.80	24.77
30.90	23.64
31.00	24.30
31.10	23.19
31.20	21.53
31.30	20.55
31.40	20.78
31.50	19.74
31.60	19.85
31.70	20.26
31.81	20.59
31.91	20.31
32.01	20.30
32.11	19.53
32.21	18.76
32.31	19.27
32.41	19.56
32.51	18.73
32.61	16.79
32.72	16.05
32.82	16.25
32.92	15.89
33.02	15.44
33.12	15.27
33.22	13.56
33.32	12.63
33.42	11.20
33.52	10.34
33.62	10.97
33.72	10.82
33.83	11.13
33.93	10.97
34.03	11.78
34.13	12.49
34.23	13.61
34.33	14.33
34.43	14.37
34.53	13.80
34.63	12.11
34.74	12.35
34.84	12.63
34.94	13.35
35.04	14.24
35.14	14.37
35.24	14.90
35.34	14.01
35.44	13.71
35.54	14.37
35.64	14.75
35.74	14.52
35.85	14.79
35.95	14.90
36.05	14.16
36.15	14.45
36.25	14.58
36.35	14.75
36.45	15.11
36.55	16.30
36.65	16.79
36.76	15.90
36.86	14.25
36.96	15.44
37.06	15.92
37.16	16.52
37.26	17.40
37.36	18.23
37.46	18.57
37.56	18.99
37.66	17.44
37.77	18.42
37.87	19.00
37.97	20.30
38.07	20.48
38.17	21.21
38.27	22.35
38.37	22.33
38.47	22.36
38.57	22.24
38.67	23.23
38.77	22.07
38.88	22.07
38.98	21.46
39.08	20.54
39.18	20.41
39.28	19.39
39.38	19.07
39.48	17.87
39.58	18.58
39.68	18.65
39.78	18.82
39.88	18.87
39.99	19.33
40.09	19.26
40.19	19.20
40.29	19.14
40.39	19.18
40.49	18.37
40.59	18.46
40.69	18.78
40.79	17.49
40.90	15.87
41.00	19.08
41.10	19.02
41.20	18.57
41.30	18.29
41.40	16.63
41.50	16.80
41.60	15.36
41.70	15.34
41.80	15.42
41.90	15.25
42.01	15.34
42.11	15.57
42.21	15.04
42.31	14.89
42.41	13.80
42.51	13.66
42.61	12.62
42.71	13.74
42.81	14.01
42.91	14.20
43.02	14.39
43.12	14.37
43.22	14.21
43.32	12.75
43.42	12.11
43.52	11.35
43.62	11.34
43.72	10.27
43.82	10.76
43.93	11.37
44.03	11.45
44.13	11.88
44.23	11.98
44.33	11.38
44.43	12.36
44.53	12.85
44.63	13.90
44.73	13.26
44.83	12.10
44.94	12.99
45.04	12.49
45.14	12.27
45.24	12.25
45.34	11.99
45.44	12.79
45.54	12.75
45.64	11.61
45.74	11.63
45.84	11.65
45.94	12.07
46.05	11.17
46.15	12.26
46.25	13.29
46.35	12.23
46.45	12.52
46.55	13.64
46.65	12.36
46.75	10.99
46.85	11.54
46.95	11.97
47.06	10.97
47.16	12.52
47.26	12.29
47.36	12.63
47.46	12.85
47.56	13.30
47.66	13.49
47.76	13.56
47.86	13.79
47.96	13.85
48.06	14.85
48.17	11.56
48.27	12.38
48.37	12.76
48.47	12.98
48.57	13.58
48.67	14.65
48.77	15.52
48.87	15.09
48.97	14.64
49.08	13.40
49.18	13.13
49.28	13.38
49.38	13.86
49.48	14.57
49.58	13.34
49.68	13.42
49.78	13.95
49.88	12.90
49.98	13.16
50.08	13.25
50.19	14.09
50.29	14.38
50.39	15.46
50.49	15.99
50.59	15.69
