81.19	19.25
81.29	19.19
81.39	18.83
81.49	18.99
81.59	19.04
81.69	18.74
81.79	18.75
81.89	18.81
82.00	18.87
82.10	18.78
82.20	18.34
82.30	18.22
82.40	18.06
82.50	17.91
82.60	17.76
82.70	17.77
82.80	17.74
82.90	17.35
83.01	17.03
83.11	22.23
83.21	21.97
83.31	21.37
83.41	20.95
83.51	20.75
83.61	20.87
83.71	20.57
83.81	20.54
83.91	20.77
84.02	20.33
84.12	20.06
84.22	19.66
84.32	18.83
84.42	17.63
84.52	16.15
84.62	13.85
84.72	11.10
84.83	-574.45
84.93	-550.48
85.03	-525.56
85.13	-504.28
85.23	-481.46
85.33	-461.04
85.43	-441.44
85.53	-424.37
85.64	-407.90
85.74	-393.50
85.84	-380.63
85.94	-367.45
86.04	-355.47
86.14	-343.40
86.24	-331.63
86.34	-319.20
86.44	-305.19
86.54	-291.98
86.65	-278.38
86.75	-266.06
86.85	-252.91
86.95	-240.76
87.05	-229.58
87.15	-218.00
87.25	-207.75
87.35	-198.51
87.45	-189.63
87.56	-179.80
87.66	-169.41
87.76	-159.39
87.86	-148.62
87.96	-138.04
88.06	-127.74
88.16	-116.60
88.26	-105.77
88.36	-94.58
88.46	-83.95
88.57	-72.11
88.67	-60.35
88.77	-49.08
88.87	-38.18
88.97	-29.62
89.07	-20.69
89.17	-11.90
89.27	-3.61
89.37	3.82
89.48	10.63
89.58	16.85
89.68	23.81
89.78	30.92
89.88	36.82
89.98	43.98
90.08	50.43
90.18	57.41
90.28	64.79
90.38	71.35
90.48	77.88
90.59	84.89
90.69	91.59
90.79	97.26
90.89	101.05
90.99	105.45
91.09	111.18
91.19	113.82
91.29	116.58
91.39	118.75
91.50	120.66
91.60	122.48
91.70	124.10
91.80	126.15
91.90	128.39
92.00	131.47
92.10	134.15
92.20	137.29
92.30	141.83
92.40	146.48
92.51	149.51
92.61	151.58
92.71	153.36
92.81	155.44
92.91	155.82
93.01	156.27
93.11	155.31
93.21	155.05
93.31	154.39
93.42	153.57
93.52	152.64
93.62	153.51
93.72	154.84
93.82	155.85
93.92	156.85
94.02	158.11
94.12	160.00
94.22	162.65
94.32	164.02
94.43	165.47
94.53	166.85
94.63	167.85
94.73	168.36
94.83	169.19
94.93	169.38
95.03	167.66
95.13	167.63
95.24	165.90
95.34	165.11
95.44	164.10
95.54	163.74
95.64	164.61
95.74	166.13
95.84	167.07
95.94	168.22
96.04	170.31
96.14	172.64
96.25	172.36
96.35	174.89
96.45	174.90
96.55	175.90
96.65	177.26
96.75	177.79
96.85	179.10
96.95	177.50
97.05	176.12
97.16	175.67
0.00	-68.40
0.10	-67.78
0.20	-43.59
0.30	-21.01
0.40	-0.26
0.50	19.95
0.60	38.45
0.70	56.03
0.81	72.38
0.91	87.51
1.01	101.04
1.11	114.43
1.21	126.86
1.31	138.77
1.41	148.63
1.51	157.95
1.61	166.65
1.71	174.12
1.82	180.91
1.91	186.72
2.02	192.03
2.12	196.43
2.22	200.86
2.32	204.27
2.42	207.05
2.52	210.05
2.62	212.75
2.72	215.11
2.82	216.85
2.93	218.06
3.03	219.66
3.13	221.03
3.23	221.82
3.33	221.73
3.43	221.95
3.53	222.00
3.63	222.05
3.73	221.40
3.83	220.48
3.93	219.10
4.03	217.95
4.14	216.45
4.24	213.78
4.34	219.24
4.44	216.88
4.54	210.78
4.64	209.39
4.74	208.17
4.84	206.27
4.94	205.10
5.04	203.85
5.15	201.90
5.25	200.51
5.35	199.23
5.45	197.97
5.55	195.97
5.65	194.33
5.75	192.56
5.85	190.28
5.95	188.27
6.05	186.15
6.16	183.95
6.26	181.95
6.36	179.45
6.46	176.98
6.56	174.93
6.66	172.53
6.76	170.66
6.86	167.97
6.96	165.57
7.06	163.70
7.16	161.66
7.27	159.23
7.37	157.47
7.47	155.69
7.57	154.01
7.67	151.96
7.77	149.71
7.87	147.62
7.97	145.84
8.07	143.65
8.18	146.82
8.27	143.98
8.38	141.93
8.48	139.73
8.58	138.10
8.68	135.84
8.78	133.80
8.88	131.76
8.98	129.67
9.08	127.69
9.19	125.80
9.28	123.91
9.39	122.47
9.49	120.59
9.59	118.91
9.69	116.62
9.79	114.99
9.89	112.94
9.99	111.29
10.09	109.33
10.19	107.46
10.30	105.54
10.40	104.01
10.50	102.41
10.60	100.69
10.70	99.31
10.80	98.14
10.90	92.93
11.00	91.44
11.10	90.46
11.20	89.54
11.31	88.31
11.41	87.15
11.51	86.29
11.61	84.88
11.71	83.33
11.81	82.22
11.91	81.11
12.01	79.80
12.11	78.46
12.22	77.34
12.31	76.07
12.42	75.02
12.52	74.22
12.62	73.15
12.72	71.85
12.82	70.65
12.92	69.62
13.02	68.89
13.12	68.05
13.22	67.29
13.33	67.03
13.43	65.93
13.53	65.38
13.63	64.26
13.73	63.55
13.83	62.67
13.93	62.04
14.03	60.84
14.13	60.09
14.23	59.24
14.34	58.28
14.44	57.66
14.54	56.78
14.64	55.89
14.74	55.00
14.84	54.40
14.94	53.93
15.04	53.33
15.14	51.96
15.24	51.62
15.35	51.39
15.45	50.67
15.55	50.08
15.65	49.23
15.75	48.52
15.85	48.09
15.95	47.24
16.05	46.72
16.15	46.24
16.25	45.78
16.35	44.99
16.46	44.64
16.56	44.16
16.66	43.70
16.76	48.86
16.86	48.37
16.96	47.45
17.06	46.83
17.16	45.99
17.26	46.04
17.36	45.34
17.47	44.82
17.57	44.18
17.67	43.47
17.77	42.80
17.87	42.06
17.97	41.15
18.07	40.65
18.17	40.01
18.27	39.11
18.37	38.56
18.48	37.78
18.58	37.49
18.68	37.27
18.78	37.00
18.88	42.10
18.98	41.40
19.08	41.08
19.18	40.77
19.28	40.64
19.38	39.90
19.48	39.41
19.59	38.69
19.69	37.95
19.79	37.31
19.89	36.84
19.99	36.25
20.09	35.79
20.19	35.15
20.29	34.49
20.39	34.26
20.50	33.95
20.60	33.50
20.70	32.93
20.80	32.38
20.90	32.01
21.00	31.86
21.10	31.27
21.20	30.71
21.30	30.27
21.40	29.51
21.51	29.43
21.61	28.86
21.71	28.77
21.81	28.58
21.91	28.15
22.01	27.74
22.11	27.41
22.21	26.94
22.31	27.49
22.41	26.91
22.51	26.17
22.62	26.11
22.72	26.05
22.82	25.85
22.92	26.06
23.02	26.01
23.12	25.76
23.22	25.97
23.32	26.07
23.42	25.87
23.52	25.82
23.63	25.58
23.73	25.15
23.83	25.24
23.93	24.98
24.03	24.73
24.13	24.50
24.23	24.12
24.33	23.57
24.43	23.39
24.53	23.32
24.64	23.55
24.74	23.67
24.84	23.64
24.94	23.56
25.04	23.38
25.14	23.31
25.24	23.15
25.34	23.14
25.44	23.08
25.54	23.13
25.65	22.37
25.75	22.25
25.85	21.99
25.95	21.99
26.05	26.84
26.15	26.50
26.25	25.97
26.35	25.68
26.45	25.24
26.55	25.13
26.65	25.02
26.76	24.67
26.86	24.74
26.96	24.00
27.06	23.90
27.16	24.06
27.26	23.95
27.36	23.71
27.46	23.67
27.56	23.24
27.67	23.08
27.77	23.07
27.87	22.57
27.97	22.29
28.07	21.92
28.17	21.68
28.27	21.49
28.37	21.17
28.47	21.61
28.57	21.43
28.68	21.41
28.78	21.34
28.88	21.52
28.98	21.15
29.08	21.34
29.18	21.17
29.28	21.26
29.38	21.20
29.48	21.34
29.58	21.37
29.68	21.15
29.79	21.00
29.89	20.80
29.99	20.76
30.09	20.42
30.19	20.30
30.29	20.13
30.39	20.28
30.49	20.26
30.59	20.25
30.69	20.24
30.80	20.18
30.90	19.67
31.00	19.58
31.10	19.85
31.20	20.36
31.30	20.24
31.40	20.13
31.50	19.02
31.60	19.12
31.70	19.02
31.81	18.97
31.91	18.77
32.01	18.83
32.11	18.74
32.21	18.75
32.31	18.66
32.41	18.68
32.51	18.85
32.61	18.90
32.71	18.81
32.82	18.92
32.92	19.12
33.02	19.17
33.12	19.26
33.22	19.55
33.32	19.47
33.42	19.59
33.52	19.66
33.62	19.58
33.72	19.80
33.83	19.61
33.93	19.28
34.03	19.07
34.13	18.76
34.23	18.33
34.33	18.06
34.43	18.01
34.53	18.31
34.63	18.89
34.74	19.00
34.84	19.05
34.94	19.09
35.04	19.04
35.14	18.99
35.24	19.34
35.34	19.22
35.44	19.51
35.54	19.53
35.64	19.61
35.74	19.63
35.85	19.65
35.95	19.26
36.05	18.45
36.15	20.23
36.25	19.87
36.35	19.27
36.45	19.56
36.55	19.38
36.65	19.31
36.75	19.35
36.86	19.43
36.96	19.11
37.06	19.40
37.16	19.53
37.26	19.41
37.36	19.54
37.46	19.31
37.56	19.44
37.66	19.22
37.77	19.16
37.87	18.95
37.97	18.60
38.07	17.67
38.17	17.29
38.27	16.48
38.37	16.40
38.47	16.73
38.57	16.40
38.67	16.33
38.77	16.01
38.88	16.36
38.98	16.79
39.08	17.05
39.18	16.95
39.28	17.10
39.38	17.25
39.48	16.63
39.58	16.60
39.68	16.77
39.78	16.43
39.88	16.36
39.99	16.19
40.09	15.98
40.19	16.03
40.29	15.88
40.39	15.89
40.49	15.99
40.59	16.34
40.69	16.78
40.79	16.44
40.90	16.52
41.00	16.59
41.10	16.66
41.20	16.78
41.30	16.69
41.40	16.75
41.50	16.92
41.60	17.17
41.70	17.21
41.80	17.10
41.90	17.00
42.01	16.75
42.11	16.81
42.21	16.72
42.31	16.83
42.41	16.59
42.51	16.71
42.61	17.03
42.71	16.78
42.81	17.04
42.91	17.53
43.02	17.91
43.12	17.81
43.22	17.67
43.32	17.89
43.42	17.64
43.52	17.46
43.62	17.59
43.72	17.36
43.82	17.29
43.92	17.13
44.03	17.02
44.13	17.17
44.23	17.16
44.33	17.15
44.43	16.90
44.53	17.00
44.63	17.20
44.73	17.34
44.83	17.47
44.93	17.60
45.04	17.97
45.14	17.97
45.24	17.92
45.34	17.68
45.44	18.29
45.54	18.28
45.64	18.26
45.74	18.50
45.84	18.23
45.94	18.11
46.04	17.96
46.15	17.81
46.25	17.17
46.35	17.46
46.45	17.34
46.55	17.47
46.65	17.65
46.75	17.77
46.85	17.63
46.95	17.35
47.06	17.48
47.16	17.60
47.26	17.32
47.36	17.46
47.46	17.34
47.56	17.27
47.66	17.06
47.76	17.05
47.86	16.95
47.96	17.15
48.06	17.04
48.17	17.04
48.27	17.29
48.37	17.03
48.47	16.92
48.57	16.83
48.67	16.84
48.77	17.00
48.87	17.15
48.97	17.04
49.08	17.09
49.18	17.18
49.28	17.32
49.38	17.26
49.48	17.04
49.58	17.34
49.68	17.32
49.78	17.31
49.88	17.44
49.98	17.67
50.08	17.54
50.19	17.66
50.29	17.68
50.39	17.74
50.49	17.61
50.59	17.53
50.69	17.65
50.79	17.67
50.89	17.78
50.99	17.89
51.09	17.85
51.20	17.96
51.30	18.01
51.40	17.86
51.50	17.97
51.60	18.17
51.70	18.36
51.80	18.34
51.90	18.42
52.00	18.00
52.11	18.10
52.21	17.80
52.31	17.81
52.41	17.67
52.51	17.63
52.61	17.50
52.71	17.48
52.81	17.35
52.91	17.49
53.01	17.51
53.11	17.64
53.22	17.55
53.32	17.53
53.42	17.50
53.52	17.63
53.62	17.89
53.72	18.10
53.82	17.94
53.92	18.10
54.02	17.84
54.12	18.05
54.22	18.25
54.33	18.09
54.43	17.93
54.53	17.78
54.63	17.65
54.73	17.91
54.83	17.67
54.93	17.53
55.03	17.86
55.13	18.11
55.24	18.21
55.34	18.45
55.44	17.93
55.54	18.13
55.64	18.37
55.74	18.30
55.84	17.94
55.94	17.64
56.04	17.76
56.14	17.72
56.25	17.49
56.35	17.41
56.45	17.14
56.55	17.03
56.65	16.93
56.75	16.69
56.85	16.75
56.95	16.76
57.05	16.78
57.15	17.09
57.25	17.23
57.36	17.12
57.46	17.11
57.56	17.11
57.66	17.25
57.76	17.54
57.86	17.66
57.96	22.98
58.06	22.73
58.16	22.60
58.26	22.07
58.37	21.71
58.47	21.53
58.57	21.10
58.67	20.80
58.77	20.71
58.87	20.57
58.97	20.54
59.07	20.26
59.17	19.90
59.28	19.61
59.38	19.83
59.48	19.73
59.58	19.70
59.68	19.61
59.78	19.48
59.88	18.51
59.98	18.23
60.08	17.97
60.18	17.92
60.28	17.78
60.39	17.89
60.49	17.74
60.59	17.61
60.69	17.58
60.79	17.55
60.89	18.07
60.99	18.17
61.09	18.26
61.19	18.19
61.29	18.54
61.40	18.61
61.50	18.98
61.60	18.93
61.70	19.08
61.80	19.13
61.90	19.22
62.00	19.26
62.10	19.15
62.20	18.74
62.30	17.80
62.40	17.66
62.51	17.43
62.61	17.31
62.71	17.19
62.81	17.08
62.91	17.08
63.01	17.83
63.11	17.68
63.21	17.70
63.31	17.81
63.42	18.02
63.52	17.72
63.62	17.84
63.72	17.84
63.82	17.80
63.92	17.66
64.02	17.78
64.12	17.39
64.22	17.42
64.32	17.55
64.42	17.52
64.53	17.30
64.63	17.38
64.73	17.26
64.83	17.25
64.93	17.29
65.03	17.57
65.13	17.64
65.23	17.86
65.33	17.87
65.43	18.08
65.54	18.17
65.64	18.36
65.74	18.54
65.84	18.32
65.94	18.30
66.04	17.89
66.14	17.89
66.24	17.85
66.34	17.46
66.44	17.78
66.54	17.49
66.65	17.47
66.75	14.25
66.85	14.03
66.95	14.18
67.05	14.07
67.15	14.12
67.25	14.26
67.35	14.45
67.45	14.58
67.56	15.40
67.66	15.53
67.76	15.60
67.86	15.97
67.96	15.57
68.06	15.59
68.16	16.16
68.26	16.46
68.36	16.53
68.46	16.46
68.57	15.68
68.67	15.65
68.77	15.62
68.87	15.59
68.97	15.56
69.07	15.68
